1	2
1	3
1	4
1	5
1	6
1	7
1	8
1	9
1	10
1	11
1	12
1	13
1	14
1	15
1	16
1	17
1	18
1	19
1	20
1	21
1	22
1	23
1	24
1	25
1	26
1	27
1	28
1	29
1	30
1	31
1	32
1	34
1	38
1	39
1	40
1	42
1	46
1	48
1	50
1	51
1	53
1	55
1	57
1	59
1	60
1	61
1	62
1	64
1	66
1	69
1	71
1	73
1	76
1	78
1	81
1	84
1	86
1	90
1	91
1	94
1	96
1	98
1	100
1	41
1	107
1	109
1	111
1	114
1	116
1	117
1	119
1	121
1	123
1	125
1	127
1	129
1	132
1	133
1	135
1	136
1	137
1	138
1	139
1	142
1	143
1	145
1	148
1	150
1	152
1	154
1	155
1	156
1	158
1	45
1	153
1	160
1	161
1	163
1	166
1	167
1	168
1	169
1	171
1	173
1	80
1	112
1	176
1	177
1	179
1	180
1	182
1	183
1	185
1	187
1	33
1	189
1	191
1	192
1	108
1	195
1	196
1	198
1	200
1	105
1	202
1	204
1	206
1	208
1	210
1	211
1	213
1	215
1	56
1	219
1	222
1	115
1	224
1	227
1	229
1	186
1	82
1	234
1	238
1	239
1	233
1	228
1	243
1	244
1	247
1	47
1	251
1	252
1	157
1	258
1	104
1	262
1	263
1	264
1	265
1	43
1	267
1	269
1	271
1	272
1	44
1	273
1	274
1	276
1	277
1	279
1	280
1	230
1	283
1	285
1	288
1	289
1	290
1	124
1	293
1	174
1	110
1	297
1	287
1	298
1	300
1	126
1	303
1	304
1	70
1	232
1	275
1	306
1	308
1	310
1	312
1	314
1	315
1	318
1	320
1	322
1	324
1	325
1	326
1	327
1	218
1	201
1	259
1	332
1	334
1	335
1	245
1	338
1	340
1	341
1	120
1	36
1	345
1	237
1	347
1	241
1	350
1	353
1	354
1	52
1	313
1	246
1	357
1	54
1	336
1	268
1	363
1	49
1	365
1	58
1	366
1	368
1	358
1	134
1	250
1	371
1	194
1	373
1	374
1	377
1	379
1	235
1	380
1	372
1	384
1	386
1	356
1	391
1	392
1	393
1	378
1	396
1	397
1	355
1	400
1	401
1	402
1	403
1	407
1	410
1	412
1	383
1	399
1	416
1	417
1	421
1	423
1	424
1	425
1	72
1	426
1	414
1	282
1	429
1	337
1	296
1	434
1	92
1	436
1	437
1	361
1	317
1	438
1	440
1	444
1	404
1	445
1	447
1	448
1	278
1	451
1	452
1	128
1	454
1	456
1	457
1	367
1	248
1	316
1	460
1	461
1	346
1	331
1	462
1	463
1	464
1	465
1	466
1	468
1	364
1	472
1	207
1	212
1	390
1	214
1	475
1	476
1	478
1	480
1	483
1	485
1	486
1	487
1	67
1	491
1	439
1	493
1	495
1	496
1	256
1	499
1	470
1	500
1	63
1	504
1	203
1	427
1	507
1	509
1	65
1	68
1	506
1	430
1	477
1	512
1	514
1	515
1	516
1	286
1	490
1	517
1	519
1	520
1	511
1	522
1	524
1	527
1	528
1	532
1	170
1	508
1	536
1	537
1	369
1	539
1	540
1	455
1	542
1	351
1	510
1	543
1	467
1	260
1	546
1	422
1	548
1	74
1	550
1	551
1	505
1	554
1	75
1	556
1	553
1	562
1	147
1	564
1	566
1	567
1	569
1	571
1	572
1	573
1	352
1	77
1	574
1	323
1	181
1	162
1	575
1	79
1	577
1	578
1	580
1	581
1	85
1	583
1	587
1	588
1	113
1	83
1	590
1	141
1	146
1	140
1	592
1	593
1	291
1	596
1	597
1	95
1	87
1	88
1	599
1	518
1	193
1	89
1	93
1	604
1	605
1	607
1	609
1	611
1	612
1	613
1	614
1	618
1	284
1	620
1	623
1	625
1	626
1	118
1	630
1	631
1	632
1	633
1	568
1	131
1	610
1	97
1	635
1	636
1	627
1	99
1	101
1	582
1	638
1	102
1	339
1	370
1	103
1	333
1	501
1	640
1	236
1	641
1	643
1	646
1	647
1	648
1	205
1	650
1	503
1	321
1	217
1	216
1	106
1	538
1	653
1	654
1	656
1	415
1	458
1	661
1	663
1	665
1	666
1	668
1	669
1	670
1	672
1	673
1	225
1	255
1	677
1	678
1	446
1	679
1	435
1	680
1	682
1	683
1	629
1	469
1	685
1	178
1	165
1	563
1	172
1	122
1	686
1	329
1	688
1	555
1	692
1	694
1	684
1	695
1	696
1	649
1	199
1	231
1	697
1	130
1	698
1	699
1	700
1	585
1	702
1	703
1	481
1	704
1	547
1	691
1	240
1	708
1	254
1	394
1	387
1	311
1	598
1	431
1	712
1	714
1	184
1	715
1	565
1	302
1	576
1	718
1	533
1	662
1	413
1	719
1	149
1	724
1	725
1	726
1	381
1	730
1	411
1	144
1	559
1	737
1	362
1	721
1	151
1	739
1	557
1	743
1	744
1	745
1	747
1	591
1	586
1	751
1	752
1	753
1	159
1	757
1	759
1	190
1	584
1	197
1	489
1	164
1	492
1	175
1	220
1	549
1	762
1	292
1	766
1	579
1	742
1	736
1	603
1	768
1	639
1	188
1	769
1	770
1	622
1	774
1	594
1	601
1	705
1	778
1	675
1	671
1	777
1	782
1	780
1	775
1	441
1	642
1	785
1	687
1	645
1	788
1	617
1	328
1	783
1	792
1	209
1	676
1	781
1	793
1	794
1	796
1	474
1	221
1	786
1	545
1	595
1	802
1	803
1	804
1	223
1	805
1	806
1	226
1	810
1	812
1	813
1	814
1	660
1	711
1	541
1	305
1	818
1	819
1	624
1	821
1	823
1	824
1	513
1	330
1	443
1	776
1	405
1	484
1	242
1	828
1	418
1	830
1	826
1	833
1	834
1	249
1	420
1	253
1	836
1	837
1	839
1	840
1	841
1	257
1	348
1	845
1	755
1	847
1	266
1	852
1	657
1	767
1	395
1	853
1	854
1	270
1	815
1	856
1	829
1	816
1	858
1	860
1	750
1	862
1	382
1	864
1	756
1	388
1	865
1	866
1	869
1	870
1	848
1	872
1	281
1	729
1	874
1	875
1	877
1	879
1	693
1	880
1	294
1	295
1	881
1	884
1	299
1	398
1	885
1	887
1	389
1	409
1	301
1	849
1	385
1	890
1	895
1	896
1	307
1	898
1	900
1	749
1	761
1	658
1	844
1	534
1	309
1	903
1	904
1	906
1	907
1	795
1	911
1	765
1	523
1	827
1	914
1	319
1	916
1	442
1	915
1	919
1	920
1	905
1	893
1	861
1	558
1	923
1	924
1	908
1	927
1	433
1	928
1	929
1	931
1	933
1	934
1	936
1	889
1	891
1	938
1	342
1	343
1	344
1	939
1	375
1	941
1	943
1	944
1	945
1	748
1	349
1	948
1	949
1	953
1	954
1	930
1	956
1	957
1	958
1	959
1	946
1	552
1	707
1	962
1	359
1	360
1	544
1	376
1	608
1	634
1	734
1	606
1	882
1	973
1	975
1	659
1	784
1	976
1	892
1	977
1	886
1	979
1	980
1	902
1	983
1	984
1	986
1	942
1	960
1	798
1	988
1	968
1	406
1	408
1	993
1	773
1	652
1	851
1	994
1	995
1	419
1	808
1	996
1	998
1	868
1	428
1	1001
1	817
1	1002
1	1003
1	432
1	963
1	1004
1	482
1	449
1	450
1	459
1	772
1	1008
1	1011
1	453
1	1009
1	1016
1	701
1	842
1	1021
1	922
1	1025
1	1026
1	990
1	1028
1	602
1	1031
1	932
1	965
1	521
1	471
1	473
1	709
1	1035
1	1020
1	1036
1	479
1	1037
1	706
1	1041
1	1043
1	871
1	1023
1	689
1	878
1	1046
1	497
1	498
1	764
1	1049
1	651
1	1050
1	981
1	525
1	999
1	809
1	992
1	771
1	529
1	822
1	1053
1	570
1	526
1	530
1	531
1	535
1	950
1	1034
1	831
1	1059
1	888
1	1060
1	1062
1	1063
1	720
1	1054
1	741
1	560
1	1064
1	561
1	912
1	1068
1	1070
1	1071
1	883
1	655
1	1073
1	589
1	940
1	1074
1	1076
1	600
1	925
1	1077
1	621
1	967
1	1081
1	985
1	1082
1	615
1	1085
1	619
1	628
1	859
1	969
1	1014
1	637
1	644
1	1086
1	825
1	846
1	1087
1	987
1	1089
1	664
1	1092
1	674
1	1093
1	681
1	1007
1	1067
1	797
1	801
1	1097
1	1098
1	1038
1	1010
1	710
1	732
1	713
1	716
1	717
1	723
1	978
1	727
1	728
1	982
1	731
1	974
1	733
1	735
1	937
1	738
1	746
1	754
1	1027
1	1101
1	1048
1	1102
1	1104
1	779
1	787
1	790
1	791
1	1069
1	1105
1	1066
1	799
1	926
1	807
1	850
1	811
1	952
1	820
1	1107
1	835
1	838
1	1039
1	855
1	1112
1	1113
1	989
1	867
1	1114
1	876
1	1095
1	1116
1	894
1	897
1	899
1	1058
1	1051
1	1005
1	910
1	1065
1	918
1	921
1	1090
1	1120
1	935
1	947
1	951
1	955
1	1100
1	1122
1	961
1	964
1	1084
1	1080
1	971
1	1123
1	1124
1	997
1	1125
1	1006
1	1013
1	1017
1	1019
1	1022
1	1128
1	1024
1	1045
1	1030
1	1032
1	1042
1	1047
1	1129
1	1056
1	1061
1	1078
1	1072
1	1075
1	1079
1	1131
1	1088
1	1094
1	1096
1	1133
1	1103
1	1106
1	1108
1	1110
1	1118
1	1127
2	18
2	13
2	10
2	33
2	22
2	35
2	9
2	36
2	6
2	37
2	4
2	19
2	8
2	20
2	32
2	34
3	21
3	13
3	8
3	28
3	41
3	43
3	11
3	18
3	44
3	45
3	6
3	27
3	47
3	49
3	12
3	52
3	54
3	56
3	4
3	9
3	16
3	19
3	22
3	23
3	34
3	40
3	46
4	58
4	46
4	63
4	65
4	67
4	68
4	70
4	72
4	11
4	60
4	71
5	6
5	74
5	75
5	77
5	79
5	13
5	76
6	7
6	13
6	80
6	16
6	82
6	83
6	85
6	87
6	27
6	86
7	88
7	89
7	19
7	16
7	92
7	93
7	28
7	95
7	97
7	99
7	10
7	15
7	9
7	13
7	76
7	91
7	98
8	101
8	22
8	102
8	28
9	103
9	104
9	24
9	105
9	106
9	10
9	41
9	107
10	108
10	110
10	112
10	113
10	70
10	115
10	30
10	118
10	120
10	122
10	124
10	126
10	128
10	130
10	34
10	109
10	114
10	116
10	117
10	121
10	125
10	127
11	131
11	45
11	134
11	22
11	20
11	18
11	27
11	25
11	132
11	133
11	136
12	140
12	141
12	84
12	144
12	146
12	147
12	149
12	151
12	153
12	145
12	148
12	150
13	157
13	22
13	16
13	159
13	69
13	106
13	24
13	28
13	45
13	76
13	153
13	154
13	160
14	15
14	162
14	164
14	33
14	165
14	34
14	124
14	110
14	170
14	172
14	174
14	136
14	175
14	107
14	178
14	16
14	181
14	80
14	112
14	163
14	166
14	168
14	169
14	171
14	179
14	182
15	76
15	184
15	186
15	124
15	188
15	190
15	93
15	185
15	187
15	189
15	191
16	24
16	193
16	194
16	34
16	197
16	199
16	127
16	77
16	201
16	203
16	205
16	207
16	209
16	33
16	212
16	214
16	216
16	217
16	218
16	220
16	221
16	30
16	108
16	123
16	129
16	196
16	204
16	211
16	215
16	219
16	222
17	24
17	223
17	225
17	115
18	39
18	226
18	21
18	27
18	19
18	228
18	22
18	23
19	230
19	231
19	27
19	70
19	137
19	232
19	120
19	233
19	235
19	236
19	237
19	240
19	86
19	20
19	229
19	238
20	81
20	241
20	242
20	106
20	43
20	50
20	228
20	233
20	243
20	244
21	245
21	246
21	25
21	41
21	54
21	248
21	249
21	250
21	223
21	253
21	23
21	254
21	255
21	214
21	55
21	256
21	91
21	257
21	259
21	260
21	103
21	261
21	39
21	40
21	46
21	50
21	59
21	105
21	239
21	251
21	252
22	38
22	27
22	32
23	240
23	38
23	266
23	54
23	134
23	25
23	246
23	268
23	143
23	270
23	46
23	42
23	80
23	255
23	275
23	50
23	278
23	97
23	203
23	281
23	282
23	284
23	43
23	135
23	182
23	196
23	264
23	267
23	269
23	271
23	272
23	273
23	276
23	283
24	286
24	182
24	34
24	287
24	263
24	115
24	167
24	70
24	291
24	292
24	58
24	168
24	116
24	294
24	295
24	120
24	296
24	112
24	108
24	119
24	174
24	288
24	290
25	26
25	39
25	265
25	299
25	301
25	302
25	60
25	238
25	62
25	126
25	227
25	298
25	303
27	95
27	238
27	235
27	186
27	230
27	38
27	305
27	307
27	70
27	86
27	232
27	275
28	34
28	233
28	309
28	280
28	182
28	308
29	311
29	313
29	147
29	316
29	315
30	317
30	319
30	321
30	323
30	49
30	178
30	196
30	328
30	200
30	194
30	34
30	211
30	218
30	318
30	320
30	327
31	329
31	330
31	251
31	331
31	157
31	333
31	54
31	336
31	337
31	339
31	241
31	104
31	245
31	259
31	332
31	335
32	341
33	34
33	169
34	108
34	342
34	343
34	182
34	70
38	344
38	51
38	270
38	231
38	346
38	275
38	348
38	254
38	349
38	351
38	352
38	330
38	241
38	347
39	46
39	227
39	105
39	250
39	42
39	240
39	43
39	355
39	356
39	314
39	358
39	41
39	265
39	50
39	52
39	107
39	246
40	359
40	55
40	354
40	360
40	361
40	362
40	364
40	42
40	355
40	157
40	203
40	367
40	47
40	54
40	293
40	363
40	365
40	366
41	353
41	87
41	245
41	260
41	270
41	369
41	370
41	210
41	50
41	372
41	246
41	103
41	51
41	62
41	46
41	106
41	375
41	376
41	334
41	378
41	355
41	47
41	191
41	48
41	194
41	235
41	247
41	250
41	262
41	354
41	358
41	379
42	303
42	381
42	382
42	271
42	383
42	385
42	387
42	388
42	389
42	390
42	314
42	104
42	333
42	332
42	394
42	395
42	337
42	398
42	45
42	335
42	399
42	338
42	84
42	404
42	50
42	105
42	134
42	245
42	355
42	356
42	384
42	386
42	397
42	400
42	401
42	402
42	403
43	269
43	405
43	282
43	240
43	230
44	406
44	408
44	409
44	386
44	411
44	52
44	413
44	414
44	332
44	341
44	383
44	410
45	415
45	73
45	333
45	355
45	418
45	251
45	419
45	227
45	420
45	422
45	191
45	362
45	349
45	133
45	50
45	423
45	424
46	399
46	62
46	58
46	354
46	57
46	71
46	81
46	427
46	428
46	68
46	351
46	430
46	431
46	432
46	64
46	72
46	246
46	282
46	373
46	429
47	433
47	104
47	337
48	332
48	367
48	296
49	54
49	185
49	344
49	241
49	303
49	328
49	435
49	293
49	105
49	390
49	128
49	79
49	274
49	321
49	439
49	202
49	325
49	441
49	442
49	56
49	116
49	201
49	206
49	213
49	322
49	437
49	440
50	259
50	52
50	241
50	443
50	191
50	367
50	333
50	271
50	314
50	324
50	338
50	354
50	444
51	446
51	56
51	354
51	54
51	449
51	366
51	450
51	257
51	340
51	278
51	353
51	448
51	451
52	453
52	241
52	351
52	182
52	333
52	365
52	254
52	455
52	146
52	362
52	458
52	335
52	135
52	459
52	287
52	413
52	81
52	128
52	157
52	340
52	402
52	454
52	456
52	457
52	460
52	461
53	72
54	187
54	87
54	189
54	454
54	329
54	185
54	378
54	333
54	316
54	191
54	467
54	124
54	268
54	346
54	354
54	462
54	465
54	466
55	360
55	105
55	317
55	469
55	201
55	128
55	56
55	259
56	470
56	251
56	332
56	471
56	360
56	327
56	289
56	202
56	473
56	213
56	128
56	194
56	105
56	474
56	77
56	133
56	207
56	210
56	212
56	335
56	364
56	392
57	62
57	58
57	65
57	477
57	479
57	59
57	282
57	426
57	481
57	66
57	482
57	484
57	420
57	231
57	64
57	69
57	373
57	475
57	476
57	480
57	485
57	486
58	72
58	59
58	66
58	488
58	426
58	373
58	286
58	351
58	489
58	490
58	255
58	492
58	494
58	107
58	112
58	64
58	67
58	282
58	393
58	491
58	495
59	64
59	71
59	282
59	62
59	72
59	430
59	497
59	498
59	69
59	256
59	496
60	485
61	64
61	244
61	68
61	501
61	502
61	132
61	485
62	503
62	64
62	373
62	505
62	140
62	145
62	150
62	72
62	67
62	66
62	203
62	267
62	371
62	504
63	506
63	508
63	71
63	476
63	150
64	282
64	510
64	72
64	90
65	483
65	485
65	510
65	90
65	475
65	511
65	513
65	481
65	282
65	430
65	477
65	512
66	316
66	368
66	69
66	282
66	72
66	71
66	426
66	515
67	430
67	485
67	491
67	518
67	238
67	286
67	490
67	516
67	517
68	470
68	485
68	510
68	90
68	282
68	69
68	373
68	430
68	500
68	511
68	520
69	444
69	521
69	523
69	525
69	72
69	526
69	432
69	90
69	362
69	349
69	529
69	219
69	466
69	506
69	509
70	530
70	239
70	330
70	531
70	280
70	355
70	492
70	495
70	182
70	532
71	233
71	134
71	533
71	511
72	534
72	535
72	507
72	538
72	500
72	511
72	282
72	339
72	353
72	541
72	373
72	268
72	140
72	356
72	285
72	351
72	426
72	536
72	537
72	542
73	420
73	376
73	133
73	544
73	270
73	528
73	545
73	89
73	413
73	547
73	260
73	422
73	447
73	543
73	548
74	233
74	254
74	549
74	504
74	287
74	552
74	206
74	128
74	553
74	101
74	555
74	134
74	186
74	194
74	196
74	466
74	550
74	554
75	557
75	558
75	559
75	560
75	267
75	561
75	148
75	468
75	556
76	185
76	84
76	189
76	267
76	117
76	316
76	269
76	563
76	565
76	190
76	568
76	150
76	462
76	186
76	124
76	570
76	119
76	80
76	105
76	147
76	187
76	341
76	396
76	466
76	467
76	567
76	569
76	571
77	420
77	147
77	323
77	574
78	333
78	113
78	176
78	197
78	161
78	120
78	121
78	162
78	183
78	575
79	576
79	136
79	201
79	336
79	400
79	105
79	322
79	577
80	184
80	269
80	579
80	582
80	116
80	401
80	577
80	176
80	127
80	584
80	361
80	85
80	120
80	400
80	581
80	583
81	228
81	585
81	452
81	586
81	333
81	454
81	554
81	308
81	94
81	405
81	155
81	204
81	260
81	587
82	234
82	233
82	180
82	237
82	405
82	381
82	176
82	301
82	589
82	277
82	588
82	113
82	182
82	269
82	275
82	306
83	388
83	239
83	243
84	354
84	143
84	591
84	150
84	573
84	153
84	141
84	146
85	398
85	128
85	594
85	595
85	193
85	328
85	205
85	130
85	518
85	212
85	219
85	291
85	401
86	429
86	598
86	233
86	94
86	378
86	454
87	183
87	567
88	92
88	204
88	600
88	601
88	594
88	259
88	219
88	599
89	464
89	602
89	603
89	454
89	604
90	427
90	485
90	430
90	606
90	608
90	426
90	604
90	610
90	603
90	396
90	607
91	256
91	269
91	369
91	615
92	616
92	617
92	201
92	619
92	574
92	157
92	259
92	618
93	621
93	602
93	603
93	622
93	624
93	465
93	627
93	628
93	629
93	189
93	454
93	623
93	626
94	99
94	266
94	376
94	231
94	351
94	137
94	606
94	233
94	237
94	598
94	241
94	131
94	457
94	597
94	633
95	454
95	632
96	376
96	612
96	634
96	457
96	610
98	598
98	627
98	636
99	602
99	189
99	135
100	598
101	196
101	637
101	404
101	468
101	554
101	132
101	265
101	582
102	339
102	370
103	639
103	246
103	614
104	154
104	135
104	404
104	218
104	327
104	105
104	128
104	201
104	640
105	333
105	545
105	183
105	420
105	414
105	468
105	227
105	439
105	390
105	446
105	200
105	204
105	196
105	206
105	642
105	644
105	645
105	198
105	284
105	203
105	116
105	291
105	649
105	651
105	251
105	361
105	472
105	437
105	307
105	129
105	201
105	202
105	214
105	236
105	259
105	274
105	400
105	596
105	641
105	643
105	646
105	648
105	650
106	588
106	652
106	452
106	655
106	268
106	657
106	658
106	137
106	358
106	659
106	660
106	662
106	664
106	467
106	134
106	339
106	425
106	538
106	654
106	656
106	661
106	663
107	667
107	182
107	200
107	263
107	217
107	128
107	666
108	120
108	296
110	532
110	182
110	124
110	117
110	569
112	333
112	179
112	165
112	671
112	120
112	355
112	181
112	167
112	163
112	168
112	170
112	280
112	670
113	176
113	181
113	124
113	168
113	120
113	672
114	569
114	179
114	117
115	454
115	668
115	287
115	674
115	675
115	673
116	676
116	344
116	269
116	127
116	274
116	648
116	305
116	205
116	439
116	213
116	642
116	210
116	307
116	289
116	681
116	198
116	128
116	194
116	201
116	204
116	214
116	468
116	593
116	677
116	678
116	679
117	135
117	124
117	569
117	133
117	120
117	119
117	161
117	185
118	517
118	441
118	684
118	205
118	469
119	169
119	569
119	124
119	669
120	332
120	569
120	166
120	168
120	182
120	174
120	169
120	161
120	172
120	181
120	297
120	165
120	170
120	532
120	563
120	669
120	685
121	163
121	166
121	165
121	168
121	169
121	178
122	545
122	331
122	543
122	687
122	290
122	689
122	287
122	355
122	429
124	183
124	176
124	690
124	691
125	137
125	329
125	287
125	693
125	367
125	429
125	694
126	684
127	594
127	208
127	219
127	648
127	274
127	446
127	647
127	649
127	695
127	696
128	137
128	243
128	206
128	325
128	324
128	680
128	439
128	274
128	305
128	201
128	182
128	194
128	231
128	321
128	429
128	435
129	641
129	317
130	672
130	194
130	327
130	205
130	437
130	468
130	698
130	699
131	611
131	297
131	701
131	330
131	536
131	460
131	234
131	137
131	677
131	134
131	481
131	700
131	702
131	703
131	704
132	313
132	617
132	259
132	244
132	331
132	470
133	565
133	282
133	234
133	134
133	213
133	475
134	155
134	338
134	705
134	706
134	586
134	351
134	368
134	448
134	418
134	707
134	372
134	445
134	709
134	135
134	140
134	240
134	254
134	377
134	585
134	607
134	691
134	708
135	196
135	524
135	606
135	710
135	711
135	340
135	586
135	568
135	504
135	545
135	713
135	457
135	367
135	693
135	155
135	227
135	148
135	184
135	332
135	387
135	431
135	467
135	480
135	598
136	612
136	716
136	717
136	313
136	213
136	682
136	302
137	711
137	452
137	243
137	585
137	554
137	376
137	588
137	214
137	362
137	443
137	420
137	459
137	138
137	182
137	233
137	238
137	239
137	269
137	321
137	332
137	413
137	520
137	662
138	240
139	147
139	146
140	148
140	150
140	146
140	299
140	354
140	143
140	349
140	332
140	649
140	720
140	721
140	145
140	722
140	312
140	142
140	300
140	313
140	396
140	573
140	719
141	723
141	142
141	152
141	146
141	354
142	354
142	723
142	591
142	148
142	146
142	443
142	504
142	332
142	147
142	152
142	355
142	404
142	578
142	649
143	723
143	147
143	239
143	146
143	633
143	332
143	727
143	591
143	728
143	729
143	590
143	299
143	410
143	731
143	276
143	396
143	411
143	504
143	726
143	730
144	732
144	733
144	734
144	556
144	559
145	416
145	735
145	736
145	573
145	354
145	372
145	152
145	237
145	267
145	331
146	371
146	147
146	354
146	185
146	505
146	149
146	316
146	239
146	428
146	152
146	229
146	332
146	362
146	737
147	150
147	738
147	573
147	739
147	720
147	354
147	396
148	573
148	206
148	719
149	267
149	737
149	573
149	185
149	150
149	692
149	505
149	721
150	354
150	573
150	540
150	183
150	404
150	578
150	152
150	241
151	241
152	267
152	735
152	300
152	737
152	573
152	740
152	741
152	185
152	723
152	742
152	557
152	559
152	739
153	396
153	412
153	746
153	356
153	748
153	590
153	591
154	218
155	237
155	677
155	362
155	346
155	415
155	344
155	418
155	375
155	378
155	445
155	586
156	687
156	702
156	268
156	269
157	741
157	333
157	749
157	335
158	750
158	661
158	391
158	395
158	754
158	755
158	183
158	649
158	751
158	752
158	753
159	756
160	758
161	185
161	584
161	183
161	190
162	176
162	327
162	401
162	297
162	196
162	197
162	584
163	633
163	760
163	322
164	271
164	167
164	168
164	165
164	173
165	172
165	563
165	168
165	166
165	167
165	174
165	297
166	182
166	361
166	178
166	492
167	532
168	237
168	563
168	322
171	584
172	297
172	563
176	584
176	197
176	761
176	198
176	327
176	220
176	390
177	182
178	244
179	280
179	669
181	344
181	314
181	197
181	549
182	237
182	277
182	532
182	296
182	763
182	241
182	287
182	292
182	563
183	187
183	764
183	625
183	359
183	189
183	381
183	341
183	724
183	191
183	551
183	765
183	602
183	190
183	185
183	384
183	567
183	604
183	715
183	726
184	269
184	572
184	191
184	185
184	206
185	559
185	300
185	416
185	329
185	389
185	767
185	578
185	190
185	331
185	354
185	364
185	371
186	580
186	711
186	429
186	638
186	414
186	549
187	466
187	766
187	589
188	660
188	588
188	654
188	771
188	772
188	663
188	455
188	769
188	770
189	454
189	773
189	602
189	578
189	622
190	566
191	454
191	316
192	775
192	776
192	503
192	206
192	288
192	323
192	248
193	328
193	592
193	215
193	401
193	775
193	518
193	600
193	599
193	446
193	204
193	196
193	219
193	222
193	601
194	210
194	263
194	325
194	361
194	204
194	777
194	196
194	293
194	317
194	400
194	439
195	694
195	255
195	489
196	269
196	599
196	779
196	201
196	390
196	197
196	780
196	473
196	289
196	212
196	207
196	691
196	439
196	781
196	446
196	210
196	695
196	204
196	218
196	274
196	327
196	361
196	364
196	777
197	204
197	327
197	212
197	220
197	289
197	780
197	782
198	512
198	222
198	629
198	207
198	584
198	647
198	212
198	594
198	695
198	206
198	783
198	780
198	219
198	327
198	401
198	441
198	642
199	784
199	289
199	725
199	786
199	221
199	216
199	218
199	286
199	687
199	780
199	785
200	641
200	596
200	646
200	787
200	271
200	545
200	333
200	692
200	284
200	219
200	642
201	258
201	233
201	202
201	206
201	274
201	293
201	474
201	291
201	325
201	335
201	336
201	438
201	650
202	258
202	251
202	348
202	586
202	214
202	474
202	321
202	399
203	503
203	573
203	332
203	789
203	206
203	291
203	371
204	233
204	335
204	790
204	205
204	211
204	438
204	209
204	791
204	263
204	213
204	218
204	214
204	472
204	207
204	216
204	272
204	274
204	293
204	328
204	361
204	378
204	390
205	446
205	212
205	594
205	792
205	222
205	211
205	336
205	216
205	289
205	210
205	274
205	215
205	207
205	208
205	217
205	219
205	390
205	401
205	783
206	263
206	210
206	215
206	446
206	439
206	400
206	213
206	222
206	322
206	327
207	473
207	629
207	698
207	213
207	364
208	468
208	219
208	446
208	274
208	343
208	212
208	596
208	648
209	404
209	596
209	215
209	218
210	672
210	425
210	233
210	274
210	439
210	322
210	642
210	404
210	446
210	676
210	698
211	219
211	401
211	698
211	680
211	215
211	289
211	578
211	781
211	792
212	222
212	401
212	560
212	213
212	698
212	328
212	216
212	795
212	327
212	215
212	472
213	366
213	286
213	437
213	364
213	797
213	307
213	284
213	472
213	793
214	692
214	293
214	361
214	650
214	274
214	503
214	688
215	289
215	219
215	221
215	780
215	786
215	222
215	594
215	216
215	218
215	401
215	518
216	219
216	390
216	642
216	218
216	696
216	798
216	221
216	439
216	786
217	775
217	501
217	221
217	293
217	243
217	794
218	799
218	578
218	363
218	274
218	335
218	532
218	439
218	640
218	599
218	629
219	592
219	650
219	792
219	800
219	801
219	790
219	289
219	472
219	595
219	692
219	695
219	696
219	698
220	390
221	599
221	363
221	780
221	647
222	742
222	592
222	594
222	803
223	495
223	805
224	495
224	355
224	674
224	675
225	806
226	528
227	807
227	532
227	578
227	378
228	808
228	340
228	271
229	454
230	443
230	809
230	239
230	240
230	233
230	298
230	613
231	254
231	240
231	243
231	346
231	810
233	238
233	692
233	254
233	811
233	306
233	239
233	305
233	534
233	815
233	633
233	590
233	816
233	585
233	607
233	255
233	240
233	243
233	282
233	378
233	444
233	812
233	813
233	814
234	817
234	376
235	662
235	568
235	452
235	456
235	257
235	305
235	415
235	458
235	541
237	340
237	705
237	305
237	820
237	702
237	707
237	444
237	822
237	503
237	355
237	269
237	532
237	585
237	624
237	631
237	633
238	709
238	453
238	428
238	447
238	460
239	590
239	243
239	434
239	306
239	825
239	591
239	330
239	504
240	826
240	444
240	306
240	248
240	405
240	440
240	776
241	340
241	415
241	827
241	475
241	585
241	392
241	316
241	367
241	452
241	484
242	578
242	828
243	829
243	303
243	332
243	591
243	831
243	633
243	504
243	431
243	588
244	832
244	501
244	470
245	354
245	246
245	250
246	585
248	775
248	392
248	443
248	809
248	512
248	555
248	833
250	367
250	429
250	284
251	331
251	335
251	835
251	258
251	437
252	321
252	711
252	433
252	306
254	585
254	346
254	269
254	259
254	677
254	810
255	367
255	838
255	489
255	694
255	355
255	287
255	333
256	614
256	716
256	659
256	842
256	499
256	841
257	458
257	316
257	843
257	844
257	423
257	354
257	568
258	348
259	672
259	666
259	293
259	305
259	333
259	420
260	718
260	846
260	418
260	755
262	368
262	377
263	439
263	288
263	446
263	503
264	848
264	849
264	447
264	564
264	847
265	307
265	850
265	284
266	376
267	851
267	710
267	573
267	300
267	556
267	557
267	852
268	316
268	659
268	369
268	452
268	354
268	663
268	415
268	340
268	358
268	395
268	568
269	711
269	702
269	855
269	701
269	588
269	614
270	585
270	351
270	620
270	857
270	399
270	378
270	632
270	815
270	829
271	859
271	861
271	333
271	404
271	355
271	372
271	398
271	836
271	314
271	356
271	392
271	434
273	689
274	470
274	437
274	327
274	863
274	382
274	439
274	446
274	594
274	695
275	415
275	451
275	353
275	864
276	859
276	413
276	393
276	299
276	333
276	591
276	756
276	865
276	866
277	694
277	867
277	323
278	847
278	868
278	564
278	871
278	824
278	869
278	870
279	568
279	654
279	417
279	372
279	451
279	872
280	392
280	694
280	372
280	532
282	430
282	444
282	426
282	427
282	485
282	510
283	355
284	591
284	725
284	542
284	543
284	429
284	393
284	434
284	729
285	485
285	500
285	508
285	506
285	540
286	289
287	873
287	565
287	295
287	876
287	878
287	489
287	367
287	839
289	584
289	781
289	786
289	327
289	401
289	780
290	355
290	837
290	838
290	668
290	671
290	694
291	592
291	336
291	322
293	783
293	414
295	495
295	875
296	308
297	882
297	699
297	441
297	877
298	883
298	429
298	443
298	590
298	884
299	756
299	431
299	542
299	730
299	393
299	590
299	552
299	886
299	788
299	571
299	888
299	884
299	725
299	429
299	386
299	333
299	504
299	332
299	389
299	409
299	434
299	726
299	887
300	688
300	371
300	392
300	414
301	482
301	847
301	331
302	811
303	341
303	468
303	889
303	384
303	387
303	891
303	892
303	893
303	894
303	383
303	386
303	380
303	382
303	385
303	890
303	896
304	897
305	308
305	330
305	393
305	438
305	520
305	676
306	687
306	899
306	900
307	901
307	438
307	435
308	339
308	378
308	817
308	358
308	458
308	541
308	551
308	456
308	534
308	761
309	479
309	413
310	902
310	311
310	312
311	329
311	899
311	312
311	314
312	905
312	555
312	860
312	908
312	329
312	904
313	315
313	397
313	909
313	910
313	350
313	711
313	718
313	765
313	795
313	911
314	902
314	912
314	466
314	558
314	438
314	458
314	527
315	611
315	396
315	468
315	348
315	712
316	339
316	913
316	349
316	415
316	515
316	378
316	562
316	409
316	707
316	358
316	368
316	662
317	599
317	780
319	915
320	326
320	321
320	323
321	429
321	363
321	324
321	322
321	442
321	325
321	435
321	323
322	568
322	917
322	400
322	438
322	325
322	390
322	439
322	915
323	697
324	372
324	325
324	666
325	363
325	328
326	918
326	629
326	681
327	578
327	390
327	401
327	595
327	592
328	363
329	333
329	581
329	420
329	415
329	433
329	331
329	335
329	542
329	332
329	355
329	384
329	543
330	375
330	378
330	711
330	881
330	919
331	333
331	433
331	423
331	384
331	564
331	775
332	393
332	591
332	504
332	730
332	396
332	389
332	434
332	895
332	381
332	383
332	543
332	724
332	920
333	420
333	574
333	921
333	434
333	390
333	870
333	641
333	922
333	337
333	470
333	513
333	384
333	743
333	410
333	489
333	336
333	364
333	466
333	545
333	564
333	861
334	354
334	810
334	612
334	608
334	376
334	925
334	634
334	457
334	924
335	650
335	532
335	926
335	543
336	620
336	469
337	383
337	409
337	468
337	503
337	356
337	778
337	927
338	354
338	603
338	587
338	661
338	429
338	638
339	554
339	761
339	930
339	344
339	932
339	368
339	576
339	340
339	565
339	931
339	933
340	354
340	658
340	935
340	362
340	846
340	761
340	365
340	934
341	896
341	892
341	385
341	937
341	357
341	908
341	380
341	571
341	364
341	884
341	512
341	371
341	382
341	393
341	413
341	416
341	578
341	889
341	890
342	881
343	446
343	400
343	698
344	677
344	660
344	541
344	466
344	415
344	549
344	564
344	568
345	350
346	399
346	368
346	375
346	418
347	940
347	942
347	743
347	746
347	946
347	748
347	941
347	943
347	944
347	945
348	445
348	585
349	947
349	362
349	523
350	711
350	366
350	948
351	632
351	727
351	368
351	829
351	844
351	870
352	660
352	950
352	562
352	769
352	951
352	952
352	654
352	656
353	538
353	501
353	392
353	568
354	356
354	368
354	859
354	371
354	720
354	955
354	365
354	505
354	930
355	357
355	666
355	392
355	402
355	489
355	694
355	367
355	532
355	838
355	671
355	356
355	416
355	501
355	668
355	691
355	693
355	956
355	958
356	591
356	543
356	725
356	590
356	724
356	586
356	960
356	961
356	468
356	905
356	750
356	414
356	389
356	392
356	410
356	745
356	747
356	946
357	383
357	891
357	896
358	921
358	750
358	769
358	548
358	378
358	425
358	515
359	521
359	711
359	765
360	472
360	361
361	400
361	436
361	796
362	466
362	963
362	432
362	544
363	786
363	441
365	767
365	369
365	954
367	688
367	687
367	672
367	767
367	675
367	964
367	965
367	838
367	966
367	879
367	468
367	489
367	495
367	532
368	369
368	962
368	864
368	372
368	953
368	415
368	660
369	452
369	579
369	954
370	395
370	417
371	416
371	736
372	538
372	467
372	378
372	730
373	429
375	391
376	454
376	417
376	967
376	968
376	969
376	970
376	630
376	971
376	457
376	429
376	378
376	397
376	403
376	421
376	610
376	634
376	734
377	972
377	585
377	429
378	753
378	661
378	648
378	413
378	974
378	390
378	713
378	467
378	662
378	391
378	585
379	809
380	385
380	381
380	382
380	387
380	784
381	393
381	383
381	385
381	591
381	784
381	552
381	382
381	384
381	387
381	413
381	504
381	890
381	892
382	387
382	936
382	385
382	890
382	383
382	386
382	578
382	593
382	784
382	977
383	387
383	386
383	504
383	884
384	892
384	393
384	387
384	896
384	796
384	578
384	385
384	386
384	407
384	409
384	543
384	784
384	938
385	386
386	387
386	504
386	730
387	938
388	404
388	859
388	890
388	958
388	591
388	396
389	434
389	809
389	413
389	729
389	724
389	978
389	542
389	756
389	571
389	888
389	410
389	552
389	788
389	885
389	886
390	802
390	584
390	781
390	446
390	786
391	752
391	418
391	835
391	840
391	458
391	979
392	953
392	846
393	504
393	892
393	895
393	981
393	894
393	982
393	443
393	439
393	730
393	976
395	661
395	767
395	846
395	753
396	944
396	743
396	756
396	552
396	985
396	958
396	571
396	724
396	943
396	542
396	748
396	504
396	745
396	986
397	457
397	421
398	756
398	958
399	840
399	572
399	701
400	581
401	987
401	699
401	698
401	441
401	802
402	657
402	989
402	434
402	905
402	988
403	578
403	468
403	545
403	968
404	434
404	990
405	429
406	731
406	407
407	408
407	991
407	410
407	775
407	992
407	730
408	731
408	908
408	646
408	725
408	775
408	904
409	591
409	726
409	411
409	434
409	859
409	431
410	892
410	413
410	788
410	411
410	937
410	431
410	434
410	543
410	726
410	993
411	552
411	773
412	590
412	743
412	745
412	552
412	413
412	726
412	724
412	943
413	983
413	552
413	590
413	724
414	749
415	914
415	827
415	662
415	507
415	538
415	535
415	549
415	568
415	705
416	573
417	872
417	457
417	750
418	484
418	755
418	523
418	605
419	486
419	564
419	460
419	848
420	543
420	775
420	574
421	609
422	824
422	564
423	997
425	929
425	817
425	840
427	508
427	507
427	509
427	476
427	999
427	500
427	1000
427	908
427	998
429	884
429	554
429	919
429	543
429	775
429	520
429	546
429	632
429	898
429	1002
430	497
430	500
430	499
430	485
430	510
431	756
431	892
432	932
432	907
432	1005
432	610
432	822
433	687
433	543
434	886
434	887
434	788
434	542
434	885
434	888
434	636
434	468
434	687
434	504
434	540
434	571
437	439
438	729
438	725
438	501
439	1006
440	444
441	882
441	699
441	806
441	517
441	584
443	809
443	775
443	444
443	504
443	539
443	749
443	834
445	586
445	588
445	461
445	448
446	468
446	695
446	594
446	641
447	484
447	996
447	1007
447	477
447	475
447	482
447	816
449	456
450	731
450	459
451	507
451	950
451	662
451	500
451	836
452	688
452	654
452	1009
452	1010
452	515
452	652
452	656
452	588
452	662
452	456
452	663
452	914
453	564
454	1012
454	625
454	1013
454	621
454	1014
454	704
454	708
454	578
454	464
454	598
454	622
454	623
454	624
454	821
455	654
455	515
455	588
455	660
456	817
457	468
458	1015
458	603
458	707
458	632
458	840
458	1001
459	1017
459	1018
459	1019
459	840
459	842
460	533
460	1020
460	471
460	484
460	486
460	1022
460	1023
460	1024
460	487
460	1027
460	1002
460	477
460	513
460	848
460	995
460	1021
460	1025
460	1026
461	632
462	1009
462	818
462	990
464	821
464	774
464	603
464	1029
464	1013
464	625
465	545
466	549
466	1030
466	523
466	711
467	660
467	770
467	769
467	952
467	819
467	468
467	1010
467	470
467	588
468	1032
468	1033
468	912
468	836
468	558
468	573
468	552
468	649
470	836
470	501
470	521
471	513
471	808
471	848
471	1034
471	757
472	696
475	1020
475	1007
475	849
475	483
475	554
475	709
475	1035
476	480
476	508
476	757
477	933
477	995
477	486
477	996
477	1036
478	564
479	480
479	957
479	849
479	1037
480	1037
480	811
480	996
480	675
481	1038
481	663
481	691
481	1039
481	554
481	706
481	709
481	847
482	849
482	868
482	995
483	1040
483	487
483	522
483	497
483	709
483	1042
483	564
483	1035
483	1022
483	995
483	869
483	499
483	607
483	1008
484	486
484	709
484	995
484	870
484	1024
484	549
484	564
484	871
485	510
485	605
486	757
486	922
486	1020
486	513
486	848
486	565
486	1023
487	564
487	1026
487	1044
487	1045
487	757
489	495
489	874
489	694
489	689
489	878
490	491
491	497
491	607
491	1041
491	522
495	1047
495	668
495	694
495	689
495	806
495	874
495	875
495	878
496	979
497	607
497	1041
498	1048
498	700
498	499
498	764
499	1001
499	701
500	607
500	507
500	730
500	508
500	506
501	660
501	643
501	638
501	818
501	821
503	505
503	651
504	730
504	892
504	726
504	549
504	552
504	833
504	893
504	895
505	741
505	573
505	736
506	509
506	525
507	509
507	890
507	540
507	517
507	942
507	562
508	511
508	718
508	509
508	755
509	521
509	1050
512	908
512	1051
512	775
512	896
512	698
512	833
512	889
512	904
512	992
513	848
513	1034
513	808
514	1052
515	771
518	592
518	594
518	600
518	599
518	836
518	532
518	601
521	765
521	578
521	711
521	1016
523	765
523	528
523	570
524	578
527	902
527	912
527	1054
528	765
528	549
529	558
529	903
530	950
531	881
532	705
532	1055
532	831
532	654
532	680
532	687
533	757
533	612
535	1056
538	1057
541	549
541	1009
542	552
542	729
542	888
542	886
542	725
542	726
542	833
543	558
543	581
543	721
543	709
545	641
545	581
545	709
546	1053
546	1058
546	569
549	568
549	765
549	551
549	564
549	831
549	1059
552	885
552	886
552	788
552	887
552	729
552	590
552	884
552	571
552	730
553	568
553	663
553	1061
553	853
554	869
554	849
554	1007
554	565
554	824
554	564
554	1062
555	687
555	1009
555	592
556	573
557	573
557	720
557	721
558	912
558	902
558	1054
559	741
561	902
561	1065
561	1066
561	860
561	1054
562	588
562	660
562	769
562	677
562	578
562	654
564	996
564	995
564	824
564	578
564	848
564	957
564	808
564	660
564	1026
564	762
564	868
564	869
565	1038
565	816
566	567
566	882
568	1061
568	660
568	656
568	954
569	669
571	888
571	886
571	887
571	726
571	756
572	612
572	960
572	659
573	710
573	851
578	1067
578	611
578	1069
578	811
578	866
578	604
578	715
578	891
578	1068
578	1071
579	844
581	686
582	757
584	806
584	780
584	699
585	706
585	691
585	983
585	663
585	677
586	638
586	883
587	1072
587	1031
588	952
588	953
588	769
588	660
588	951
588	772
588	954
588	687
588	654
588	655
588	656
588	770
588	819
589	662
590	743
590	945
590	961
590	748
590	591
590	756
590	724
590	730
590	744
590	940
591	945
591	726
591	743
591	746
591	724
591	725
591	744
592	594
592	595
592	650
592	725
593	1075
593	695
593	1076
594	648
594	599
594	600
595	725
596	786
597	598
598	1032
598	715
598	621
598	1062
598	741
598	623
598	925
598	953
599	786
600	742
600	965
600	725
601	1046
603	855
603	741
603	630
603	621
606	872
608	924
608	985
608	634
609	872
610	1078
610	1079
610	612
610	967
611	1001
612	968
612	1080
612	1083
612	1084
612	923
612	1081
613	1019
614	700
621	737
622	1013
629	683
629	640
630	872
633	730
634	924
634	872
634	1078
636	737
638	677
641	646
641	642
641	643
641	645
642	643
643	645
647	787
647	783
647	786
648	792
650	698
653	853
654	660
654	656
654	772
654	769
656	769
657	979
657	661
657	752
657	825
658	935
658	1088
659	853
660	772
660	1060
660	962
660	664
660	677
660	769
661	754
661	1084
661	704
661	984
662	715
663	706
663	1090
664	1091
665	990
668	880
671	836
671	778
675	875
675	1047
675	694
680	1093
687	704
687	703
687	692
687	698
687	1001
687	1067
688	884
689	694
691	706
691	853
691	975
693	1086
694	1094
695	786
697	775
697	790
698	790
699	1095
699	806
699	879
700	840
701	1096
701	840
703	783
704	775
705	996
705	1097
706	847
706	1043
706	1039
706	755
706	994
706	1038
707	853
707	825
707	954
709	1038
709	849
709	816
710	851
710	733
710	732
711	861
711	900
712	795
714	1099
714	988
718	812
723	737
724	945
724	940
724	1100
724	746
724	747
724	958
725	726
725	787
725	729
726	885
726	756
726	888
726	788
728	731
728	1003
728	976
728	992
729	859
730	981
730	983
731	992
731	974
734	821
736	937
742	965
743	945
743	944
743	746
744	746
744	745
744	783
745	945
745	746
745	940
746	945
746	748
748	940
748	1075
750	872
753	754
754	812
756	885
756	788
756	887
756	775
756	886
757	1045
757	808
757	1020
757	1025
757	848
761	935
761	930
765	795
765	822
765	1102
768	1103
769	770
770	819
770	975
770	1073
771	953
771	1104
773	976
774	896
775	833
775	884
775	834
780	786
783	786
784	936
784	885
788	885
788	887
788	888
793	1067
793	1005
793	1078
793	1069
794	809
795	903
795	1066
802	1106
807	850
808	1097
808	848
808	1034
808	1023
809	833
809	834
811	1037
811	957
812	846
816	849
816	823
818	990
819	1058
819	952
819	953
820	853
822	1053
824	1036
824	868
824	870
824	1107
831	976
834	1108
836	1109
836	1110
836	1111
836	859
836	1010
837	838
837	880
840	980
847	1098
847	1035
848	1045
848	1098
848	1034
849	1035
849	1043
853	929
854	869
855	871
855	869
855	868
855	923
859	1113
860	963
860	1005
860	907
861	988
861	1050
865	976
869	1112
870	1035
870	871
874	1115
885	887
885	886
885	888
886	887
887	888
889	936
890	1117
890	978
891	907
891	896
894	981
894	895
894	920
894	976
894	982
894	983
895	976
895	983
895	981
896	936
896	924
898	1118
899	900
902	912
904	1051
907	1004
907	1069
907	911
907	1005
908	1003
910	1005
910	1078
910	1067
910	1105
912	1066
912	1054
912	1065
919	1119
920	981
920	983
922	1002
923	1023
924	985
928	1062
931	1121
931	1011
932	1005
932	963
935	987
935	1087
940	946
941	942
950	952
954	962
957	995
958	1063
958	986
968	1080
976	981
976	983
980	1068
981	1124
988	1050
989	1050
992	1003
995	1026
995	1043
995	1112
997	1123
1001	1126
1001	1049
1004	1067
1004	1105
1004	1005
1004	1069
1005	1105
1005	1069
1009	1127
1017	1068
1019	1068
1023	1128
1024	1097
1032	1078
1032	1069
1035	1043
1035	1039
1035	1098
1039	1043
1043	1098
1045	1112
1066	1105
1067	1070
1067	1105
1067	1078
1069	1105
1069	1078
1069	1070
1070	1105
1073	1130
1078	1079
1080	1084
1087	1132
1088	1089
1098	1112
