0 0.0175 0.0175 0.0175 0.0175 0.0175 0.0175 0.0175 1e-06
1e-09 0.0175 0.0175 0.0175 0.0175 0.0175 0.0175 0.0175 1e-06
6e-09 0.0175 0.0175 0.0175 0.0175 0.0175 0.0175 0.0175 1e-06
3.1e-08 0.0175 0.0175 0.0175 0.0175 0.0175 0.0175 0.0175 1e-06
1.56e-07 0.0175 0.0175 0.0175 0.0175 0.0175 0.0175 0.0175 1e-06
7.81e-07 0.0175 0.0175 0.0175 0.0175 0.0175 0.0175 0.0175 1e-06
3.906e-06 0.0175 0.0175 0.0175 0.0175001 0.0175001 0.0175 0.0175001 1e-06
1.9531e-05 0.0175001 0.0175002 0.0175002 0.0175004 0.0175004 0.0175003 0.0175004 1e-06
9.7656e-05 0.0175004 0.0175009 0.0175011 0.0175022 0.0175023 0.0175014 0.0175023 1.00001e-06
0.000488281 0.0175023 0.0175047 0.0175058 0.0175109 0.0175117 0.017507 0.0175117 1.00004e-06
0.00244141 0.0175117 0.0175233 0.0175292 0.0175547 0.0175583 0.017535 0.0175583 1.00021e-06
0.012207 0.0175583 0.0176167 0.0176458 0.0177736 0.0177915 0.017675 0.0177915 1.00108e-06
0.0610352 0.0177915 0.0180825 0.0182278 0.0188633 0.0189523 0.018373 0.0189522 1.00558e-06
0.305176 0.0189522 0.0197721 0.0201807 0.0219566 0.0222048 0.0205873 0.0222028 1.02006e-06
1 0.0222028 0.023351 0.0239213 0.0263859 0.0267298 0.024487 0.0267243 1.04534e-06
2 0.0267243 0.0278218 0.0283661 0.0307111 0.0310374 0.0289053 0.0310322 1.07599e-06
3 0.0310322 0.0320721 0.032587 0.0347993 0.0351063 0.0330966 0.0351014 1.11219e-06
4 0.0351014 0.0360787 0.0365618 0.0386322 0.0389187 0.0370395 0.0389142 1.15414e-06
5 0.0389142 0.0398254 0.0402752 0.0421981 0.0424636 0.0407195 0.0424594 1.2021e-06
6 0.0424594 0.0433028 0.0437187 0.0454921 0.0457365 0.0441291 0.0457326 1.25632e-06
7 0.0457326 0.0465081 0.0468899 0.048515 0.0487386 0.0472665 0.048735 1.31712e-06
8 0.048735 0.0494435 0.049792 0.0512724 0.0514757 0.0501355 0.0514725 1.38482e-06
9 0.0514725 0.0521162 0.0524325 0.0537738 0.0539576 0.052744 0.0539547 1.45981e-06
10 0.0539547 0.0545365 0.0548221 0.0560315 0.056197 0.0551033 0.0561944 1.54249e-06
11 0.0561944 0.0567178 0.0569746 0.0580601 0.0582085 0.0572271 0.0582062 1.63332e-06
12 0.0582062 0.0586751 0.058905 0.0598755 0.0600081 0.059131 0.060006 1.7328e-06
13 0.060006 0.0604245 0.0606295 0.0614943 0.0616122 0.060831 0.0616103 1.84147e-06
14 0.0616103 0.0619826 0.0621649 0.0629329 0.0630376 0.062344 0.0630359 1.95991e-06
15 0.0630359 0.0633661 0.0635277 0.0642078 0.0643004 0.0636864 0.064299 2.08878e-06
16 0.064299 0.0645911 0.0647339 0.0653348 0.0654166 0.0648742 0.0654153 2.22877e-06
17 0.0654153 0.065673 0.065799 0.0663287 0.0664007 0.0659227 0.0663996 2.38064e-06
18 0.0663996 0.0666266 0.0667375 0.0672035 0.0672669 0.0668464 0.0672659 2.5452e-06
19 0.0672659 0.0674654 0.0675629 0.0679722 0.0680278 0.0676586 0.0680269 2.72335e-06
20 0.0680269 0.0682021 0.0682876 0.0686466 0.0686953 0.0683715 0.0686945 2.91606e-06
21 0.0686945 0.068848 0.068923 0.0692374 0.06928 0.0689965 0.0692794 3.12435e-06
22 0.0692794 0.0694137 0.0694793 0.0697543 0.0697917 0.0695436 0.0697911 3.34935e-06
23 0.0697911 0.0699086 0.0699659 0.0702063 0.0702389 0.0700221 0.0702384 3.59228e-06
24 0.0702384 0.070341 0.0703911 0.070601 0.0706295 0.0704402 0.070629 3.85443e-06
25 0.070629 0.0707186 0.0707623 0.0709454 0.0709703 0.0708051 0.0709699 4.13723e-06
26 0.0709699 0.071048 0.0710861 0.0712458 0.0712675 0.0711235 0.0712671 4.4422e-06
27 0.0712671 0.0713352 0.0713685 0.0715076 0.0715265 0.071401 0.0715262 4.77097e-06
28 0.0715262 0.0715855 0.0716145 0.0717357 0.0717521 0.0716428 0.0717518 5.12531e-06
29 0.0717518 0.0718035 0.0718287 0.0719342 0.0719485 0.0718534 0.0719483 5.50713e-06
30 0.0719483 0.0719933 0.0720152 0.072107 0.0721195 0.0720367 0.0721193 5.91848e-06
31 0.0721193 0.0721584 0.0721775 0.0722574 0.0722682 0.0721962 0.072268 6.36156e-06
32 0.072268 0.0723021 0.0723187 0.0723882 0.0723976 0.072335 0.0723974 6.83877e-06
33 0.0723974 0.072427 0.0724415 0.0725019 0.0725101 0.0724556 0.0725099 7.35267e-06
34 0.0725099 0.0725357 0.0725482 0.0726007 0.0726079 0.0725605 0.0726077 7.90601e-06
35 0.0726077 0.0726301 0.072641 0.0726867 0.0726928 0.0726517 0.0726927 8.50177e-06
36 0.0726927 0.0727122 0.0727217 0.0727613 0.0727667 0.0727309 0.0727666 9.14315e-06
37 0.0727666 0.0727835 0.0727917 0.0728262 0.0728309 0.0727998 0.0728308 9.8336e-06
38 0.0728308 0.0728455 0.0728526 0.0728825 0.0728866 0.0728596 0.0728865 1.05768e-05
39 0.0728865 0.0728993 0.0729055 0.0729315 0.072935 0.0729116 0.072935 1.13768e-05
40 0.072935 0.072946 0.0729514 0.072974 0.0729771 0.0729567 0.072977 1.22378e-05
41 0.072977 0.0729866 0.0729913 0.0730109 0.0730136 0.0729959 0.0730135 1.31645e-05
42 0.0730135 0.0730219 0.073026 0.073043 0.0730453 0.0730299 0.0730453 1.41619e-05
43 0.0730453 0.0730525 0.073056 0.0730708 0.0730728 0.0730595 0.0730728 1.52353e-05
44 0.0730728 0.0730791 0.0730821 0.073095 0.0730967 0.0730852 0.0730967 1.63905e-05
45 0.0730967 0.0731022 0.0731048 0.073116 0.0731175 0.0731074 0.0731174 1.76336e-05
46 0.0731174 0.0731222 0.0731245 0.0731342 0.0731355 0.0731268 0.0731354 1.89715e-05
47 0.0731354 0.0731396 0.0731416 0.07315 0.0731511 0.0731435 0.0731511 2.04111e-05
48 0.0731511 0.0731546 0.0731564 0.0731637 0.0731646 0.0731581 0.0731646 2.19603e-05
49 0.0731646 0.0731677 0.0731692 0.0731756 0.0731764 0.0731707 0.0731764 2.36274e-05
50 0.0731764 0.0731791 0.0731804 0.0731859 0.0731866 0.0731817 0.0731866 2.54213e-05
51 0.0731866 0.0731889 0.0731901 0.0731948 0.0731955 0.0731912 0.0731954 2.73517e-05
52 0.0731954 0.0731975 0.0731984 0.0732026 0.0732031 0.0731994 0.0732031 2.9429e-05
53 0.0732031 0.0732049 0.0732057 0.0732093 0.0732098 0.0732065 0.0732097 3.16642e-05
54 0.0732097 0.0732113 0.073212 0.0732151 0.0732155 0.0732127 0.0732155 3.40694e-05
55 0.0732155 0.0732168 0.0732175 0.0732201 0.0732205 0.0732181 0.0732205 3.66575e-05
56 0.0732205 0.0732216 0.0732222 0.0732245 0.0732248 0.0732227 0.0732248 3.94423e-05
57 0.0732248 0.0732258 0.0732262 0.0732282 0.0732285 0.0732267 0.0732285 4.24389e-05
58 0.0732285 0.0732294 0.0732298 0.0732315 0.0732317 0.0732302 0.0732317 4.56634e-05
59 0.0732317 0.0732324 0.0732328 0.0732343 0.0732345 0.0732332 0.0732345 4.91329e-05
60 0.0732345 0.0732351 0.0732354 0.0732367 0.0732369 0.0732357 0.0732369 5.28663e-05
61 0.0732369 0.0732374 0.0732377 0.0732388 0.0732389 0.0732379 0.0732389 5.68834e-05
62 0.0732389 0.0732394 0.0732396 0.0732405 0.0732407 0.0732398 0.0732407 6.12059e-05
63 0.0732407 0.0732411 0.0732412 0.073242 0.0732421 0.0732414 0.0732421 6.58569e-05
64 0.0732421 0.0732425 0.0732426 0.0732433 0.0732434 0.0732428 0.0732434 7.08615e-05
65 0.0732434 0.0732437 0.0732438 0.0732444 0.0732445 0.073244 0.0732445 7.62465e-05
66 0.0732445 0.0732447 0.0732448 0.0732453 0.0732454 0.0732449 0.0732454 8.20408e-05
67 0.0732454 0.0732456 0.0732457 0.0732461 0.0732461 0.0732458 0.0732461 8.82754e-05
68 0.0732461 0.0732463 0.0732464 0.0732467 0.0732467 0.0732464 0.0732467 9.4984e-05
69 0.0732467 0.0732468 0.0732469 0.0732472 0.0732472 0.073247 0.0732472 0.000102202
70 0.0732472 0.0732473 0.0732473 0.0732475 0.0732476 0.0732474 0.0732476 0.000109969
71 0.0732476 0.0732476 0.0732477 0.0732478 0.0732478 0.0732477 0.0732478 0.000118327
72 0.0732478 0.0732479 0.0732479 0.073248 0.073248 0.0732479 0.073248 0.000127319
73 0.073248 0.0732481 0.0732481 0.0732481 0.0732481 0.0732481 0.0732481 0.000136995
74 0.0732481 0.0732481 0.0732481 0.0732482 0.0732482 0.0732482 0.0732482 0.000147407
75 0.0732482 0.0732482 0.0732482 0.0732481 0.0732481 0.0732481 0.0732481 0.000158609
76 0.0732481 0.0732481 0.0732481 0.073248 0.073248 0.0732481 0.073248 0.000170663
77 0.073248 0.073248 0.073248 0.0732479 0.0732479 0.0732479 0.0732479 0.000183633
78 0.0732479 0.0732478 0.0732478 0.0732476 0.0732476 0.0732477 0.0732476 0.000197588
79 0.0732476 0.0732476 0.0732475 0.0732474 0.0732473 0.0732475 0.0732473 0.000212605
80 0.0732473 0.0732473 0.0732472 0.073247 0.073247 0.0732472 0.073247 0.000228762
81 0.073247 0.0732469 0.0732469 0.0732466 0.0732466 0.0732468 0.0732466 0.000246147
82 0.0732466 0.0732465 0.0732464 0.0732462 0.0732462 0.0732464 0.0732462 0.000264853
83 0.0732462 0.073246 0.073246 0.0732457 0.0732456 0.0732459 0.0732456 0.00028498
84 0.0732456 0.0732455 0.0732454 0.0732451 0.0732451 0.0732454 0.0732451 0.000306637
85 0.0732451 0.0732449 0.0732448 0.0732445 0.0732444 0.0732448 0.0732444 0.00032994
86 0.0732444 0.0732443 0.0732442 0.0732438 0.0732438 0.0732441 0.0732438 0.000355013
87 0.0732438 0.0732436 0.0732435 0.0732431 0.073243 0.0732434 0.073243 0.000381991
88 0.073243 0.0732428 0.0732427 0.0732422 0.0732422 0.0732426 0.0732422 0.000411019
89 0.0732422 0.073242 0.0732418 0.0732413 0.0732413 0.0732417 0.0732413 0.000442253
90 0.0732413 0.073241 0.0732409 0.0732404 0.0732403 0.0732408 0.0732403 0.00047586
91 0.0732403 0.07324 0.0732399 0.0732393 0.0732392 0.0732398 0.0732392 0.00051202
92 0.0732392 0.073239 0.0732388 0.0732382 0.0732381 0.0732387 0.0732381 0.000550927
93 0.0732381 0.0732378 0.0732376 0.073237 0.0732369 0.0732375 0.0732369 0.000592789
94 0.0732369 0.0732365 0.0732364 0.0732356 0.0732355 0.0732362 0.0732355 0.0732366 0.0732364 0.0732358 0.0732357 0.0732363 0.0732357 0.00063214
94.8776 0.0732357 0.0732356 0.0732356 0.0732355 0.0732355 0.0732356 0.0732355 0.000637832
95 0.0732355 0.0732353 0.0732352 0.0732347 0.0732347 0.0732351 0.0732347 0.000667065
95.6119 0.0732347 0.0732345 0.0732344 0.0732341 0.0732341 0.0732344 0.0732341 0.000686297
96 0.0732341 0.0732338 0.0732337 0.073233 0.0732329 0.0732335 0.0732329 0.000724303
96.736 0.0732329 0.0732328 0.0732328 0.0732326 0.0732325 0.0732327 0.0732325 0.000738443
97 0.0732325 0.0732323 0.0732321 0.0732315 0.0732314 0.073232 0.0732314 0.000776174
97.6805 0.0732314 0.0732313 0.0732312 0.0732309 0.0732308 0.0732311 0.0732308 0.000794549
98 0.0732308 0.0732305 0.0732304 0.0732297 0.0732296 0.0732302 0.0732296 0.000836015
98.6947 0.0732296 0.0732295 0.0732294 0.0732291 0.073229 0.0732293 0.073229 0.000854918
99 0.073229 0.0732287 0.0732286 0.0732278 0.0732277 0.0732284 0.0732277 0.000898631
99.681 0.0732277 0.0732276 0.0732275 0.0732271 0.0732271 0.0732274 0.0732271 0.000919871
100 0.0732271 0.0732268 0.0732266 0.0732258 0.0732257 0.0732264 0.0732257 0.000966686
100.678 0.0732257 0.0732255 0.0732254 0.0732251 0.073225 0.0732253 0.073225 0.000989757
101 0.073225 0.0732246 0.0732244 0.0732236 0.0732235 0.0732243 0.0732235 0.00103959
101.671 0.0732235 0.0732233 0.0732232 0.0732228 0.0732227 0.0732231 0.0732227 0.00106495
102 0.0732227 0.0732224 0.0732222 0.0732213 0.0732211 0.073222 0.0732211 0.00111811
102.665 0.0732211 0.0732209 0.0732208 0.0732204 0.0732203 0.0732207 0.0732203 0.00114585
103 0.0732203 0.0732199 0.0732197 0.0732187 0.0732186 0.0732195 0.0732186 0.00120252
103.659 0.0732186 0.0732184 0.0732183 0.0732178 0.0732177 0.0732182 0.0732177 0.0012329
104 0.0732177 0.0732173 0.073217 0.073216 0.0732159 0.0732168 0.0732159 0.00129331
104.653 0.0732159 0.0732156 0.0732155 0.073215 0.0732149 0.0732154 0.0732149 0.00132655
105 0.0732149 0.0732144 0.0732142 0.0732131 0.0732129 0.0732139 0.0732129 0.00139095
105.647 0.0732129 0.0732127 0.0732125 0.0732119 0.0732118 0.0732124 0.0732118 0.00142732
106 0.0732118 0.0732113 0.0732111 0.0732099 0.0732098 0.0732108 0.0732098 0.00149596
106.642 0.0732098 0.0732095 0.0732093 0.0732087 0.0732086 0.0732092 0.0732086 0.00153573
107 0.0732086 0.0732081 0.0732078 0.0732066 0.0732064 0.0732075 0.0732064 0.0016089
107.636 0.0732064 0.0732061 0.0732059 0.0732052 0.0732051 0.0732057 0.0732051 0.00165238
108 0.0732051 0.0732045 0.0732042 0.0732029 0.0732027 0.0732039 0.0732027 0.00173036
108.63 0.0732027 0.0732024 0.0732022 0.0732014 0.0732013 0.073202 0.0732013 0.00177787
109 0.0732013 0.0732007 0.0732004 0.073199 0.0731988 0.0732001 0.0731988 0.00186098
109.624 0.0731988 0.0731984 0.0731982 0.0731974 0.0731972 0.073198 0.0731972 0.00191289
110 0.0731972 0.0731966 0.0731962 0.0731948 0.0731946 0.0731959 0.0731946 0.00200147
110.618 0.0731946 0.0731941 0.0731939 0.073193 0.0731929 0.0731937 0.0731929 0.00205816
111 0.0731929 0.0731922 0.0731918 0.0731902 0.07319 0.0731914 0.07319 0.00215255
111.613 0.07319 0.0731896 0.0731893 0.0731883 0.0731881 0.0731891 0.0731881 0.00221445
112 0.0731881 0.0731874 0.073187 0.0731854 0.0731851 0.0731866 0.0731851 0.00231503
112.607 0.0731851 0.0731846 0.0731844 0.0731832 0.0731831 0.0731841 0.0731831 0.00238259
113 0.0731831 0.0731823 0.0731819 0.0731801 0.0731798 0.0731815 0.0731798 0.00248978
113.601 0.0731798 0.0731793 0.073179 0.0731778 0.0731776 0.0731787 0.0731776 0.00256349
114 0.0731776 0.0731768 0.0731764 0.0731745 0.0731742 0.0731759 0.0731742 0.0026777
114.596 0.0731742 0.0731736 0.0731733 0.073172 0.0731718 0.073173 0.0731718 0.00275811
115 0.0731718 0.0731709 0.0731704 0.0731684 0.0731681 0.0731699 0.0731681 0.0028798
115.59 0.0731681 0.0731674 0.0731671 0.0731657 0.0731654 0.0731668 0.0731655 0.00296748
116 0.0731655 0.0731645 0.073164 0.0731618 0.0731615 0.0731635 0.0731615 0.00309714
116.585 0.0731615 0.0731608 0.0731605 0.0731589 0.0731587 0.0731601 0.0731587 0.00319272
117 0.0731587 0.0731577 0.0731571 0.0731548 0.0731545 0.0731566 0.0731545 0.00333088
117.579 0.0731545 0.0731537 0.0731533 0.0731516 0.0731514 0.0731529 0.0731514 0.00343504
118 0.0731514 0.0731503 0.0731497 0.0731473 0.0731469 0.0731492 0.0731469 0.00358224
118.574 0.0731469 0.0731461 0.0731456 0.0731438 0.0731435 0.0731452 0.0731435 0.00369573
119 0.0731435 0.0731423 0.0731417 0.0731391 0.0731388 0.0731412 0.0731388 0.00385255
119.568 0.0731388 0.0731379 0.0731374 0.0731353 0.073135 0.0731369 0.073135 0.00397616
120 0.073135 0.0731338 0.0731332 0.0731304 0.07313 0.0731325 0.07313 0.00414323
120.563 0.07313 0.073129 0.0731285 0.0731262 0.0731259 0.073128 0.0731259 0.00427783
121 0.0731259 0.0731246 0.0731239 0.073121 0.0731206 0.0731233 0.0731206 0.00445583
121.557 0.0731206 0.0731195 0.0731189 0.0731165 0.0731161 0.0731184 0.0731161 0.00460235
122 0.0731161 0.0731148 0.073114 0.0731109 0.0731104 0.0731133 0.0731104 0.00479198
122.552 0.0731104 0.0731092 0.0731086 0.073106 0.0731056 0.073108 0.0731056 0.00495144
123 0.0731056 0.0731041 0.0731033 0.0731 0.0730995 0.0731026 0.0730995 0.00515345
123.547 0.0730995 0.0730982 0.0730976 0.0730947 0.0730943 0.0730969 0.0730943 0.00532695
124 0.0730943 0.0730927 0.0730919 0.0730883 0.0730878 0.0730911 0.0730878 0.00554215
124.542 0.0730878 0.0730864 0.0730857 0.0730825 0.0730821 0.0730849 0.0730821 0.00573087
125 0.0730821 0.0730804 0.0730795 0.0730757 0.0730751 0.0730786 0.0730752 0.00596012
125.537 0.0730752 0.0730736 0.0730729 0.0730694 0.073069 0.0730721 0.073069 0.00616534
126 0.073069 0.0730672 0.0730662 0.0730622 0.0730616 0.0730653 0.0730616 0.00640955
126.532 0.0730616 0.0730599 0.0730591 0.0730554 0.0730548 0.0730582 0.0730548 0.00663265
127 0.0730548 0.0730529 0.0730519 0.0730476 0.073047 0.0730509 0.073047 0.0068928
127.527 0.073047 0.0730452 0.0730443 0.0730402 0.0730396 0.0730433 0.0730397 0.00713529
128 0.0730397 0.0730376 0.0730365 0.0730319 0.0730313 0.0730355 0.0730313 0.00741241
128.522 0.0730313 0.0730293 0.0730283 0.0730239 0.0730233 0.0730273 0.0730233 0.00767589
129 0.0730233 0.0730211 0.07302 0.0730151 0.0730144 0.0730189 0.0730144 0.0079711
129.517 0.0730144 0.0730123 0.0730112 0.0730064 0.0730057 0.0730101 0.0730057 0.00825731
130 0.0730057 0.0730034 0.0730022 0.072997 0.0729962 0.073001 0.0729962 0.00857178
130.512 0.0729962 0.0729939 0.0729927 0.0729876 0.0729868 0.0729916 0.0729868 0.0088826
131 0.0729868 0.0729844 0.0729831 0.0729775 0.0729767 0.0729818 0.0729767 0.0092176
131.507 0.0729767 0.0729742 0.0729729 0.0729673 0.0729665 0.0729716 0.0729665 0.00955507
132 0.0729665 0.0729639 0.0729625 0.0729565 0.0729557 0.0729611 0.0729557 0.00991192
132.503 0.0729557 0.072953 0.0729516 0.0729455 0.0729446 0.0729502 0.0729446 0.0102782
133 0.0729446 0.0729418 0.0729403 0.072934 0.0729331 0.0729389 0.0729331 0.010658
133.497 0.0729331 0.0729302 0.0729287 0.0729221 0.0729212 0.0729272 0.0729212 0.0110517
133.995 0.0729212 0.0729211 0.0729211 0.0729211 0.0729211 0.0729211 0.0729211 0.0110559
134 0.0729211 0.0729209 0.0729208 0.0729205 0.0729204 0.0729207 0.0729204 0.0110764
134.026 0.0729204 0.0729196 0.0729193 0.0729175 0.0729173 0.0729189 0.0729173 0.01118
134.153 0.0729173 0.0729149 0.0729137 0.0729083 0.0729075 0.0729124 0.0729075 0.0115022
134.543 0.0729075 0.0729047 0.0729032 0.0728966 0.0728957 0.0729017 0.0728957 0.011892
135 0.0728957 0.0728926 0.072891 0.0728839 0.0728829 0.0728894 0.0728829 0.0123157
135.48 0.0728829 0.0728797 0.072878 0.0728706 0.0728696 0.0728763 0.0728696 0.0127543
135.96 0.0728696 0.0728693 0.0728692 0.0728686 0.0728685 0.072869 0.0728685 0.0127911
136 0.0728685 0.0728671 0.0728664 0.0728633 0.0728628 0.0728657 0.0728628 0.0129769
136.198 0.0728628 0.0728599 0.0728584 0.0728518 0.0728509 0.0728569 0.0728509 0.013371
136.609 0.0728509 0.072848 0.0728465 0.0728401 0.0728392 0.0728451 0.0728392 0.0137578
137 0.0728392 0.0728357 0.0728339 0.0728261 0.072825 0.0728322 0.072825 0.0142241
137.458 0.072825 0.0728214 0.0728195 0.0728112 0.0728101 0.0728176 0.0728101 0.0147173
137.926 0.0728101 0.0728095 0.0728092 0.0728078 0.0728076 0.0728089 0.0728076 0.0147971
138 0.0728076 0.0728049 0.0728034 0.0727972 0.0727963 0.072802 0.0727963 0.0151697
138.342 0.0727963 0.0727927 0.0727908 0.0727825 0.0727813 0.0727889 0.0727813 0.0156645
138.783 0.0727813 0.0727794 0.0727785 0.0727743 0.0727737 0.0727775 0.0727737 0.0159143
139 0.0727737 0.0727702 0.0727684 0.0727604 0.0727593 0.0727665 0.0727593 0.0163908
139.405 0.0727593 0.0727552 0.0727531 0.072744 0.0727427 0.0727511 0.0727427 0.0169353
139.855 0.0727427 0.0727414 0.0727407 0.0727377 0.0727373 0.07274 0.0727373 0.0171153
140 0.0727373 0.0727337 0.0727319 0.072724 0.0727229 0.0727301 0.0727229 0.0175884
140.375 0.0727229 0.0727186 0.0727164 0.0727069 0.0727055 0.0727143 0.0727055 0.0181587
140.814 0.0727055 0.0727037 0.0727027 0.0726986 0.072698 0.0727018 0.072698 0.0184063
141 0.072698 0.0726941 0.0726921 0.0726833 0.072682 0.0726901 0.072682 0.0189315
141.387 0.072682 0.0726775 0.0726751 0.0726649 0.0726635 0.0726728 0.0726635 0.0195422
141.824 0.0726635 0.0726616 0.0726606 0.0726564 0.0726558 0.0726597 0.0726558 0.0197938
142 0.0726558 0.0726517 0.0726495 0.0726403 0.072639 0.0726474 0.072639 0.0203473
142.38 0.072639 0.0726342 0.0726316 0.0726208 0.0726193 0.0726292 0.0726193 0.0209947
142.811 0.0726193 0.0726171 0.072616 0.0726111 0.0726104 0.0726149 0.0726104 0.021285
143 0.0726104 0.072606 0.0726037 0.0725937 0.0725923 0.0726014 0.0725923 0.0218813
143.381 0.0725923 0.0725871 0.0725845 0.0725729 0.0725713 0.0725818 0.0725713 0.0225706
143.808 0.0725713 0.0725689 0.0725677 0.0725623 0.0725616 0.0725664 0.0725616 0.0228875
144 0.0725616 0.0725568 0.0725544 0.0725437 0.0725422 0.072552 0.0725422 0.0235238
144.378 0.0725422 0.0725367 0.0725339 0.0725216 0.0725199 0.0725311 0.0725199 0.0242564
144.801 0.0725199 0.0725172 0.0725158 0.0725099 0.0725091 0.0725145 0.0725091 0.0246093
145 0.0725091 0.072504 0.0725014 0.0724899 0.0724883 0.0724988 0.0724883 0.0252909
145.377 0.0724883 0.0724825 0.0724795 0.0724664 0.0724645 0.0724765 0.0724645 0.0260701
145.796 0.0724645 0.0724616 0.0724601 0.0724535 0.0724526 0.0724586 0.0724526 0.0264593
146 0.0724526 0.0724472 0.0724443 0.0724321 0.0724304 0.0724416 0.0724304 0.027188
146.375 0.0724304 0.0724242 0.072421 0.072407 0.072405 0.0724178 0.072405 0.0280167
146.79 0.072405 0.0724018 0.0724001 0.0723929 0.0723919 0.0723985 0.0723919 0.0284466
147 0.0723919 0.0723861 0.072383 0.0723699 0.0723681 0.0723801 0.0723681 0.0292262
147.374 0.0723681 0.0723615 0.072358 0.0723432 0.0723411 0.0723547 0.0723411 0.0301076
147.784 0.0723411 0.0723375 0.0723357 0.0723277 0.0723266 0.0723339 0.0723266 0.0305813
148 0.0723266 0.0723203 0.0723171 0.0723031 0.0723011 0.0723139 0.0723011 0.0314149
148.372 0.0723011 0.0722941 0.0722904 0.0722746 0.0722724 0.0722868 0.0722724 0.0323525
148.779 0.0722724 0.0722684 0.0722664 0.0722576 0.0722564 0.0722644 0.0722564 0.032874
149 0.0722564 0.0722497 0.0722462 0.0722312 0.072229 0.0722428 0.0722291 0.0337653
149.37 0.0722291 0.0722216 0.0722177 0.0722008 0.0721985 0.0722139 0.0721985 0.0347628
149.773 0.0721985 0.0721941 0.0721919 0.0721822 0.0721809 0.0721897 0.0721809 0.0353359
150 0.0721809 0.0721737 0.07217 0.0721539 0.0721516 0.0721663 0.0721516 0.0362889
150.369 0.0721516 0.0721436 0.0721395 0.0721216 0.072119 0.0721354 0.072119 0.0373501
150.768 0.072119 0.0721142 0.0721118 0.0721012 0.0720997 0.0721094 0.0720997 0.0379793
151 0.0720997 0.072092 0.072088 0.0720708 0.0720684 0.0720841 0.0720684 0.038998
151.367 0.0720684 0.0720599 0.0720555 0.0720363 0.0720336 0.0720511 0.0720336 0.0401271
151.763 0.0720336 0.0720284 0.0720257 0.072014 0.0720124 0.0720231 0.0720124 0.040817
152 0.0720124 0.0720042 0.0719999 0.0719815 0.0719789 0.0719957 0.0719789 0.0419059
152.366 0.0719789 0.0719698 0.0719651 0.0719447 0.0719418 0.0719605 0.0719418 0.0431073
152.758 0.0719418 0.0719361 0.0719332 0.0719204 0.0719185 0.0719302 0.0719186 0.0438627
153 0.0719186 0.0719098 0.0719052 0.0718854 0.0718826 0.0719007 0.0718826 0.0450264
153.364 0.0718826 0.071873 0.071868 0.0718463 0.0718432 0.0718631 0.0718432 0.046305
153.754 0.0718432 0.0718369 0.0718337 0.0718196 0.0718177 0.0718305 0.0718177 0.0471311
154 0.0718177 0.0718082 0.0718034 0.0717822 0.0717792 0.0717986 0.0717792 0.0483747
154.363 0.0717792 0.0717689 0.0717636 0.0717404 0.0717371 0.0717583 0.0717371 0.0497354
154.749 0.0717371 0.0717303 0.0717267 0.0717114 0.0717092 0.0717232 0.0717092 0.0506377
155 0.0717092 0.0716991 0.0716939 0.0716713 0.0716681 0.0716888 0.0716681 0.0519665
155.361 0.0716681 0.0716571 0.0716514 0.0716267 0.0716232 0.0716458 0.0716232 0.0534148
155.745 0.0716232 0.0716156 0.0716118 0.071595 0.0715926 0.071608 0.0715926 0.0543991
156 0.0715926 0.0715818 0.0715763 0.071552 0.0715486 0.0715708 0.0715486 0.0558188
156.36 0.0715486 0.0715369 0.0715308 0.0715044 0.0715007 0.0715248 0.0715007 0.0573603
156.741 0.0715007 0.0714925 0.0714883 0.0714699 0.0714674 0.0714841 0.0714674 0.0584329
157 0.0714674 0.0714558 0.0714498 0.0714238 0.0714202 0.0714439 0.0714202 0.0599495
157.359 0.0714202 0.0714077 0.0714012 0.0713731 0.0713691 0.0713948 0.0713691 0.0615904
157.737 0.0713691 0.0713601 0.0713555 0.0713355 0.0713327 0.071351 0.0713327 0.0627576
158 0.0713327 0.0713203 0.0713139 0.0712861 0.0712822 0.0713076 0.0712822 0.0643774
158.357 0.0712822 0.0712688 0.0712619 0.0712319 0.0712276 0.0712551 0.0712277 0.0661242
158.733 0.0712277 0.0712179 0.0712129 0.0711911 0.071188 0.0712079 0.071188 0.067393
159 0.071188 0.0711747 0.0711679 0.0711381 0.0711339 0.0711611 0.0711339 0.0691228
159.356 0.0711339 0.0711196 0.0711123 0.0710802 0.0710757 0.071105 0.0710757 0.0709824
159.73 0.0710757 0.0710651 0.0710596 0.0710359 0.0710325 0.0710542 0.0710325 0.0723599
160 0.0710325 0.0710183 0.071011 0.0709791 0.0709746 0.0710037 0.0709746 0.0742069
160.355 0.0709746 0.0709594 0.0709515 0.0709173 0.0709124 0.0709437 0.0709124 0.0761865
160.726 0.0709124 0.0709009 0.0708949 0.0708691 0.0708655 0.0708891 0.0708655 0.0776803
161 0.0708655 0.0708502 0.0708424 0.0708082 0.0708034 0.0708346 0.0708034 0.0796521
161.354 0.0708034 0.0707871 0.0707787 0.0707422 0.070737 0.0707704 0.070737 0.0817594
161.723 0.070737 0.0707245 0.070718 0.07069 0.070686 0.0707116 0.070686 0.0833775
162 0.070686 0.0706697 0.0706613 0.0706247 0.0706195 0.070653 0.0706195 0.0854821
162.353 0.0706195 0.0706022 0.0705932 0.0705541 0.0705486 0.0705843 0.0705486 0.0877252
162.72 0.0705486 0.070535 0.070528 0.0704975 0.0704932 0.0705211 0.0704932 0.0894759
163 0.0704932 0.0704757 0.0704667 0.0704276 0.070422 0.0704578 0.070422 0.0917216
163.352 0.070422 0.0704035 0.0703939 0.0703522 0.0703463 0.0703844 0.0703463 0.0941091
163.717 0.0703463 0.0703315 0.0703239 0.0702908 0.0702861 0.0703164 0.0702861 0.0960012
164 0.0702861 0.0702674 0.0702578 0.0702158 0.0702099 0.0702483 0.0702099 0.0983967
164.351 0.0702099 0.0701901 0.0701798 0.0701352 0.0701289 0.0701697 0.0701289 0.100937
164.714 0.0701289 0.0701129 0.0701047 0.0700688 0.0700638 0.0700965 0.0700638 0.10298
165 0.0700638 0.0700437 0.0700334 0.0699885 0.0699821 0.0700232 0.0699821 0.105535
165.35 0.0699821 0.0699609 0.0699499 0.0699023 0.0698956 0.0699391 0.0698956 0.108238
165.712 0.0698956 0.0698782 0.0698693 0.0698304 0.069825 0.0698605 0.069825 0.110441
166 0.069825 0.0698035 0.0697924 0.0697443 0.0697375 0.0697815 0.0697375 0.113164
166.349 0.0697375 0.0697149 0.0697031 0.0696523 0.0696451 0.0696916 0.0696451 0.11604
166.709 0.0696451 0.0696262 0.0696166 0.0695745 0.0695686 0.069607 0.0695686 0.118413
167 0.0695686 0.0695456 0.0695337 0.0694822 0.069475 0.0695221 0.069475 0.121315
167.348 0.069475 0.0694507 0.0694382 0.0693838 0.0693761 0.0694259 0.0693761 0.124372
167.707 0.0693761 0.0693557 0.0693453 0.0692998 0.0692934 0.069335 0.0692934 0.126927
168 0.0692934 0.0692688 0.0692561 0.0692009 0.0691931 0.0692435 0.0691931 0.130017
168.347 0.0691931 0.0691672 0.0691538 0.0690957 0.0690875 0.0691406 0.0690875 0.133266
168.704 0.0690875 0.0690654 0.0690541 0.0690049 0.068998 0.069043 0.068998 0.136014
169 0.068998 0.0689716 0.068958 0.068899 0.0688906 0.0689446 0.0688906 0.139303
169.347 0.0688906 0.0688629 0.0688486 0.0687865 0.0687778 0.0688345 0.0687778 0.142754
169.702 0.0687778 0.0687539 0.0687417 0.0686885 0.0686809 0.0687296 0.0686809 0.145708
170 0.0686809 0.0686527 0.0686382 0.068575 0.0685661 0.0686239 0.0685661 0.149205
170.346 0.0685661 0.0685365 0.0685212 0.0684549 0.0684455 0.0685062 0.0684455 0.152867
170.7 0.0684455 0.0684197 0.0684065 0.0683489 0.0683408 0.0683934 0.0683408 0.15604
171 0.0683408 0.0683106 0.0682951 0.0682274 0.0682179 0.0682797 0.0682179 0.159757
171.345 0.0682179 0.0681863 0.06817 0.0680992 0.0680891 0.0681539 0.0680891 0.16364
171.697 0.0680891 0.0680613 0.068047 0.0679847 0.0679759 0.0680328 0.0679759 0.167047
172 0.0679759 0.0679436 0.067927 0.0678547 0.0678444 0.0679106 0.0678444 0.170993
172.344 0.0678444 0.0678107 0.0677933 0.0677177 0.067707 0.0677762 0.067707 0.175105
172.694 0.067707 0.0676769 0.0676614 0.067594 0.0675845 0.0676461 0.0675845 0.178762
173 0.0675845 0.06755 0.0675322 0.0674549 0.067444 0.0675147 0.067444 0.182946
173.343 0.067444 0.067408 0.0673894 0.0673089 0.0672975 0.0673712 0.0672975 0.187296
173.691 0.0672975 0.0672648 0.067248 0.0671751 0.0671648 0.0672315 0.0671648 0.191222
174 0.0671648 0.0671279 0.0671089 0.0670263 0.0670147 0.0670902 0.0670147 0.195653
174.341 0.0670147 0.0669763 0.0669566 0.0668707 0.0668586 0.0669371 0.0668586 0.200245
174.688 0.0668586 0.0668232 0.066805 0.066726 0.0667148 0.0667871 0.0667148 0.204461
175 0.0667148 0.0666754 0.0666552 0.066567 0.0665546 0.0666352 0.0665546 0.209146
175.34 0.0665546 0.0665138 0.0664927 0.0664014 0.0663885 0.066472 0.0663885 0.213985
175.684 0.0663885 0.0663501 0.0663304 0.0662446 0.0662325 0.0663109 0.0662325 0.218515
176 0.0662325 0.0661905 0.0661688 0.0660749 0.0660616 0.0661475 0.0660616 0.223459
176.338 0.0660616 0.0660186 0.0659965 0.0659003 0.0658867 0.0659746 0.0658866 0.228503
176.677 0.0658866 0.0658446 0.0658229 0.0657288 0.0657155 0.0658016 0.0657155 0.233418
177 0.0657155 0.0656707 0.0656477 0.0655474 0.0655333 0.0656249 0.0655332 0.238634
177.337 0.0655332 0.0654874 0.0654638 0.0653612 0.0653467 0.0654405 0.0653467 0.243952
177.674 0.0653467 0.0653012 0.0652778 0.065176 0.0651617 0.0652547 0.0651617 0.249204
178 0.0651617 0.0651141 0.0650896 0.0649831 0.0649681 0.0650654 0.064968 0.254678
178.334 0.064968 0.0649193 0.0648943 0.0647853 0.0647699 0.0648695 0.0647699 0.260256
178.668 0.0647699 0.0647204 0.0646949 0.064584 0.0645684 0.0646697 0.0645683 0.265905
179 0.0645683 0.0645177 0.0644916 0.0643782 0.0643622 0.0644658 0.0643621 0.271659
179.332 0.0643621 0.0643103 0.0642836 0.0641676 0.0641512 0.0642573 0.0641512 0.277519
179.664 0.0641512 0.0640981 0.0640708 0.0639522 0.0639354 0.0640439 0.0639354 0.283484
179.996 0.0639354 0.0639348 0.0639345 0.0639331 0.0639329 0.0639342 0.0639329 0.283552
180 0.0639329 0.0639299 0.0639283 0.0639216 0.0639207 0.0639268 0.0639207 0.28389
180.019 0.0639207 0.0639054 0.0638976 0.0638638 0.0638591 0.0638899 0.0638591 0.285587
180.112 0.0638591 0.063816 0.0637939 0.0636979 0.0636843 0.0637721 0.0636843 0.290389
180.373 0.0636843 0.0636325 0.063606 0.0634904 0.063474 0.0635797 0.063474 0.296143
180.682 0.063474 0.0634201 0.0633924 0.0632721 0.0632551 0.0633651 0.063255 0.302105
180.997 0.063255 0.0632544 0.0632541 0.0632528 0.0632526 0.0632538 0.0632526 0.302171
181 0.0632526 0.0632496 0.0632481 0.0632414 0.0632405 0.0632466 0.0632405 0.3025
181.017 0.0632405 0.0632253 0.0632177 0.0631843 0.0631796 0.0632101 0.0631796 0.304152
181.103 0.0631796 0.0631354 0.0631128 0.0630143 0.0630004 0.0630904 0.0630004 0.309001
181.354 0.0630004 0.062947 0.0629195 0.0628003 0.0627835 0.0628925 0.0627835 0.314844
181.652 0.0627835 0.0627278 0.0626992 0.062575 0.0625575 0.062671 0.0625574 0.320901
181.956 0.0625574 0.0625492 0.0625451 0.0625269 0.0625244 0.0625409 0.0625244 0.321785
182 0.0625244 0.0624834 0.0624625 0.0623715 0.0623587 0.0624418 0.0623587 0.326202
182.218 0.0623587 0.0623047 0.062277 0.0621566 0.0621396 0.0622497 0.0621396 0.332016
182.502 0.0621396 0.0620825 0.0620533 0.061926 0.061908 0.0620243 0.061908 0.338132
182.796 0.061908 0.0618676 0.0618471 0.0617576 0.061745 0.0618268 0.061745 0.342415
183 0.061745 0.06169 0.0616618 0.0615392 0.0615219 0.0616339 0.0615219 0.348251
183.274 0.0615219 0.0614634 0.0614335 0.0613031 0.0612848 0.0614039 0.0612847 0.354423
183.56 0.0612847 0.0612251 0.0611946 0.0610617 0.061043 0.0611644 0.0610429 0.360679
183.846 0.0610429 0.0610102 0.0609936 0.0609213 0.0609111 0.0609772 0.0609111 0.364074
184 0.0609111 0.0608566 0.0608287 0.0607074 0.0606903 0.0608011 0.0606902 0.369738
184.254 0.0606902 0.0606303 0.0605997 0.0604662 0.0604474 0.0605693 0.0604474 0.375933
184.528 0.0604474 0.0603863 0.0603551 0.0602192 0.0602 0.0603242 0.0602 0.382206
184.803 0.0602 0.0601552 0.0601324 0.0600331 0.0600191 0.0601098 0.060019 0.386768
185 0.060019 0.05996 0.0599299 0.0597985 0.05978 0.0599 0.0597799 0.392769
185.257 0.0597799 0.0597176 0.0596858 0.059547 0.0595275 0.0596542 0.0595274 0.399067
185.524 0.0595274 0.059464 0.0594315 0.0592903 0.0592704 0.0593994 0.0592703 0.405439
185.79 0.0592703 0.0592195 0.0591937 0.0590809 0.059065 0.059168 0.059065 0.410499
186 0.059065 0.0590032 0.0589716 0.0588341 0.0588147 0.0589403 0.0588146 0.416634
186.252 0.0588146 0.0587503 0.0587174 0.0585743 0.0585541 0.0586849 0.058554 0.422979
186.509 0.058554 0.0584886 0.0584551 0.0583095 0.058289 0.058422 0.0582889 0.429392
186.767 0.0582889 0.0582286 0.0581978 0.0580638 0.0580449 0.0581673 0.0580449 0.435256
187 0.0580449 0.0579797 0.0579464 0.0578015 0.0577811 0.0579135 0.057781 0.441555
187.248 0.057781 0.0577147 0.0576809 0.0575336 0.0575128 0.0576474 0.0575128 0.447916
187.496 0.0575128 0.0574454 0.057411 0.0572612 0.0572401 0.0573769 0.05724 0.454338
187.744 0.05724 0.0571715 0.0571366 0.0569842 0.0569628 0.0571019 0.0569627 0.460821
187.992 0.0569627 0.0569606 0.0569595 0.0569549 0.0569542 0.0569585 0.0569542 0.461019
188 0.0569542 0.0569436 0.0569383 0.0569149 0.0569116 0.0569329 0.0569116 0.462011
188.038 0.0569116 0.056862 0.0568368 0.0567268 0.0567113 0.0568117 0.0567113 0.466658
188.214 0.0567113 0.0566466 0.0566137 0.0564701 0.0564499 0.056581 0.0564498 0.472689
188.441 0.0564498 0.0563818 0.0563472 0.0561961 0.0561749 0.0563128 0.0561748 0.478986
188.676 0.0561748 0.0561057 0.0560705 0.0559171 0.0558955 0.0560356 0.0558954 0.485336
188.911 0.0558954 0.0558688 0.0558553 0.0557966 0.0557883 0.055842 0.0557883 0.487757
189 0.0557883 0.0557293 0.0556993 0.0555684 0.05555 0.0556695 0.0555499 0.493123
189.197 0.0555499 0.055482 0.0554475 0.0552968 0.0552756 0.0554132 0.0552755 0.499257
189.42 0.0552755 0.0552057 0.0551702 0.0550152 0.0549934 0.0551349 0.0549933 0.505518
189.646 0.0549933 0.0549224 0.0548863 0.054729 0.0547068 0.0548505 0.0547068 0.511824
189.872 0.0547068 0.0546659 0.0546452 0.0545549 0.0545422 0.0546247 0.0545422 0.515424
190 0.0545422 0.0544776 0.0544448 0.0543015 0.0542814 0.0544122 0.0542813 0.521097
190.201 0.0542813 0.0542112 0.0541756 0.05402 0.0539981 0.0541402 0.053998 0.527211
190.417 0.053998 0.0539269 0.0538908 0.053733 0.0537107 0.0538549 0.0537107 0.533364
190.632 0.0537107 0.0536385 0.0536018 0.0534417 0.0534192 0.0535654 0.0534191 0.539556
190.848 0.0534191 0.0533673 0.0533411 0.0532265 0.0532104 0.053315 0.0532103 0.543959
191 0.0532103 0.0531421 0.0531074 0.052956 0.0529347 0.0530729 0.0529347 0.549732
191.199 0.0529347 0.0528629 0.0528264 0.0526672 0.0526448 0.0527902 0.0526447 0.555757
191.405 0.0526447 0.0525719 0.0525349 0.0523735 0.0523508 0.0524982 0.0523507 0.561813
191.612 0.0523507 0.0522769 0.0522394 0.0520757 0.0520527 0.0522022 0.0520526 0.5679
191.818 0.0520526 0.0519868 0.0519534 0.0518075 0.051787 0.0519202 0.0517869 0.573283
192 0.0517869 0.0517149 0.0516783 0.0515186 0.0514962 0.0516419 0.0514961 0.579127
192.196 0.0514961 0.0514231 0.051386 0.0512243 0.0512015 0.0513492 0.0512014 0.584996
192.393 0.0512014 0.0511275 0.0510899 0.050926 0.050903 0.0510526 0.0509029 0.59089
192.589 0.0509029 0.050828 0.0507899 0.0506239 0.0506005 0.0507521 0.0506004 0.596808
192.785 0.0506004 0.0505245 0.050486 0.0503178 0.0502941 0.0504477 0.050294 0.60275
192.982 0.050294 0.0502869 0.0502833 0.0502677 0.0502655 0.0502798 0.0502655 0.6033
193 0.0502655 0.0502299 0.050212 0.0501335 0.0501225 0.0501941 0.0501224 0.606052
193.091 0.0501224 0.0500572 0.0500242 0.0498799 0.0498597 0.0499914 0.0498596 0.611079
193.256 0.0498596 0.0497873 0.0497506 0.0495905 0.049568 0.0497142 0.0495679 0.61661
193.437 0.0495679 0.0494947 0.0494576 0.0492955 0.0492727 0.0494207 0.0492727 0.622158
193.618 0.0492727 0.0491986 0.049161 0.048997 0.0489739 0.0491237 0.0489738 0.627722
193.8 0.0489738 0.0488988 0.0488608 0.0486948 0.0486714 0.048823 0.0486713 0.633301
193.981 0.0486713 0.0486633 0.0486593 0.0486417 0.0486392 0.0486553 0.0486392 0.63389
194 0.0486392 0.0485991 0.0485788 0.0484904 0.048478 0.0485587 0.0484779 0.63684
194.096 0.0484779 0.0484116 0.048378 0.0482312 0.0482105 0.0483445 0.0482105 0.6417
194.253 0.0482105 0.0481382 0.0481015 0.0479415 0.047919 0.0480651 0.0479189 0.64695
194.422 0.0479189 0.0478458 0.0478088 0.0476469 0.0476242 0.0477719 0.0476241 0.652211
194.592 0.0476241 0.0475501 0.0475126 0.047349 0.0473259 0.0474754 0.0473259 0.657482
194.761 0.0473259 0.047251 0.0472131 0.0470476 0.0470243 0.0471754 0.0470242 0.662761
194.931 0.0470242 0.0469934 0.0469779 0.04691 0.0469005 0.0469624 0.0469004 0.664913
195 0.0469004 0.0468373 0.0468054 0.0466658 0.0466462 0.0467736 0.0466462 0.669305
195.141 0.0466462 0.0465749 0.0465388 0.0463811 0.046359 0.0465029 0.0463589 0.674224
195.298 0.0463589 0.0462868 0.0462504 0.0460911 0.0460687 0.0462141 0.0460686 0.679148
195.456 0.0460686 0.0459957 0.0459589 0.0457979 0.0457752 0.0459222 0.0457752 0.684077
195.613 0.0457752 0.0457016 0.0456643 0.0455016 0.0454787 0.0456273 0.0454786 0.689009
195.771 0.0454786 0.0454042 0.0453666 0.0452021 0.045179 0.0453291 0.0451789 0.693944
195.928 0.0451789 0.0451445 0.0451273 0.0450516 0.0450409 0.04511 0.0450409 0.6962
196 0.0450409 0.0449772 0.044945 0.0448042 0.0447844 0.0449129 0.0447844 0.700366
196.133 0.0447844 0.0447136 0.0446779 0.0445216 0.0444996 0.0446423 0.0444995 0.704948
196.279 0.0444995 0.0444281 0.044392 0.0442341 0.0442119 0.044356 0.0442119 0.709531
196.425 0.0442119 0.0441397 0.0441032 0.0439438 0.0439214 0.0440669 0.0439213 0.714113
196.571 0.0439213 0.0438485 0.0438116 0.0436506 0.043628 0.043775 0.0436279 0.718695
196.717 0.0436279 0.0435543 0.0435171 0.0433545 0.0433317 0.0434801 0.0433316 0.723274
196.863 0.0433316 0.043262 0.0432269 0.0430732 0.0430516 0.0431919 0.0430515 0.727558
197 0.0430515 0.0429805 0.0429447 0.0427879 0.0427659 0.042909 0.0427658 0.731886
197.138 0.0427658 0.0426941 0.0426579 0.0424997 0.0424774 0.0426219 0.0424774 0.73621
197.276 0.0424774 0.042405 0.0423685 0.0422087 0.0421862 0.0423321 0.0421862 0.740531
197.415 0.0421862 0.0421131 0.0420763 0.041915 0.0418923 0.0420395 0.0418922 0.744846
197.553 0.0418922 0.0418185 0.0417813 0.0416185 0.0415956 0.0417442 0.0415955 0.749156
197.691 0.0415955 0.0415211 0.0414835 0.0413192 0.0412961 0.0414461 0.041296 0.75346
197.829 0.041296 0.0412209 0.0411829 0.041017 0.0409937 0.0411451 0.0409936 0.757757
197.968 0.0409936 0.0409758 0.0409668 0.0409276 0.0409221 0.0409579 0.0409221 0.758766
198 0.0409221 0.0408667 0.0408388 0.0407167 0.0406996 0.040811 0.0406996 0.76189
198.101 0.0406996 0.0406326 0.0405988 0.0404511 0.0404303 0.0405652 0.0404303 0.765635
198.222 0.0404303 0.0403613 0.0403265 0.0401742 0.0401528 0.0402918 0.0401527 0.769456
198.345 0.0401527 0.0400831 0.040048 0.0398945 0.0398729 0.0400131 0.0398728 0.77327
198.469 0.0398728 0.0398026 0.0397672 0.0396124 0.0395906 0.039732 0.0395905 0.777075
198.592 0.0395905 0.0395197 0.039484 0.0393278 0.0393059 0.0394485 0.0393058 0.780871
198.716 0.0393058 0.0392344 0.0391984 0.0390409 0.0390187 0.0391625 0.0390187 0.784659
198.839 0.0390187 0.0389467 0.0389103 0.0387514 0.0387291 0.0388741 0.038729 0.788437
198.963 0.038729 0.0387072 0.0386963 0.0386483 0.0386415 0.0386853 0.0386415 0.78957
199 0.0386415 0.0385855 0.0385573 0.0384338 0.0384164 0.0385291 0.0384164 0.792467
199.095 0.0384164 0.0383508 0.0383178 0.0381731 0.0381528 0.0382848 0.0381527 0.795828
199.206 0.0381527 0.0380856 0.0380517 0.0379035 0.0378827 0.038018 0.0378827 0.799235
199.318 0.0378827 0.037815 0.0377808 0.0376315 0.0376105 0.0377468 0.0376105 0.802633
199.43 0.0376105 0.0375422 0.0375079 0.0373574 0.0373362 0.0374736 0.0373362 0.806019
199.543 0.0373362 0.0372674 0.0372327 0.037081 0.0370597 0.0371982 0.0370597 0.809395
199.655 0.0370597 0.0369903 0.0369554 0.0368025 0.0367811 0.0369206 0.036781 0.81276
199.767 0.036781 0.0367111 0.0366759 0.0365219 0.0365002 0.0366408 0.0365001 0.816113
199.88 0.0365001 0.0364297 0.0363943 0.0362389 0.0362171 0.0363589 0.0362171 0.819454
199.992 0.0362171 0.0362121 0.0362097 0.0361988 0.0361973 0.0362072 0.0361973 0.819686
200 0.0361973 0.0361726 0.0361602 0.0361059 0.0360983 0.0361478 0.0360983 0.820845
200.039 0.0360983 0.0360428 0.0360148 0.0358924 0.0358752 0.0359869 0.0358752 0.823438
200.127 0.0358752 0.0358116 0.0357796 0.0356396 0.0356199 0.0357477 0.0356198 0.826377
200.226 0.0356198 0.035555 0.0355224 0.0353795 0.0353594 0.0354898 0.0353594 0.829343
200.327 0.0353594 0.0352941 0.0352613 0.0351174 0.0350971 0.0352285 0.0350971 0.832297
200.428 0.0350971 0.0350313 0.0349983 0.0348533 0.034833 0.0349652 0.0348329 0.83524
200.529 0.0348329 0.0347667 0.0347334 0.0345874 0.0345669 0.0347001 0.0345669 0.83817
200.63 0.0345669 0.0345002 0.0344666 0.0343196 0.034299 0.0344331 0.0342989 0.841089
200.731 0.0342989 0.0342317 0.0341979 0.0340499 0.0340291 0.0341642 0.034029 0.843994
200.832 0.034029 0.0339614 0.0339273 0.0337782 0.0337573 0.0338933 0.0337572 0.846886
200.933 0.0337572 0.0337119 0.0336892 0.0335896 0.0335756 0.0336665 0.0335756 0.8488
201 0.0335756 0.0335161 0.0334862 0.0333552 0.0333368 0.0334564 0.0333368 0.851294
201.088 0.0333368 0.0332747 0.0332434 0.0331067 0.0330875 0.0332123 0.0330874 0.853869
201.179 0.0330874 0.0330249 0.0329935 0.0328558 0.0328365 0.0329621 0.0328365 0.856433
201.27 0.0328365 0.0327736 0.0327419 0.0326034 0.0325839 0.0327104 0.0325839 0.858985
201.361 0.0325839 0.0325206 0.0324887 0.0323493 0.0323297 0.0324569 0.0323296 0.861525
201.452 0.0323296 0.0322659 0.0322339 0.0320935 0.0320738 0.0322019 0.0320737 0.864052
201.542 0.0320737 0.0320096 0.0319773 0.0318361 0.0318162 0.0319451 0.0318162 0.866566
201.633 0.0318162 0.0317516 0.0317191 0.0315769 0.031557 0.0316867 0.0315569 0.869068
201.724 0.0315569 0.0314919 0.0314593 0.0313161 0.031296 0.0314267 0.031296 0.871556
201.815 0.031296 0.0312306 0.0311977 0.0310536 0.0310334 0.0311649 0.0310333 0.87403
201.906 0.0310333 0.0309675 0.0309344 0.0307894 0.030769 0.0309014 0.030769 0.87649
201.997 0.030769 0.030767 0.030766 0.0307617 0.0307611 0.030765 0.0307611 0.876563
202 0.0307611 0.0307512 0.0307462 0.0307246 0.0307215 0.0307413 0.0307215 0.876928
202.014 0.0307215 0.0306775 0.0306554 0.0305587 0.0305451 0.0306334 0.0305451 0.87855
202.074 0.0305451 0.0304887 0.0304603 0.0303362 0.0303187 0.030432 0.0303187 0.880611
202.151 0.0303187 0.0302601 0.0302307 0.0301017 0.0300836 0.0302013 0.0300835 0.882729
202.23 0.0300835 0.0300246 0.029995 0.0298652 0.029847 0.0299654 0.029847 0.884835
202.31 0.029847 0.0297877 0.0297579 0.0296274 0.0296091 0.0297282 0.0296091 0.88693
202.389 0.0296091 0.0295495 0.0295195 0.0293883 0.0293698 0.0294896 0.0293698 0.889013
202.469 0.0293698 0.0293098 0.0292797 0.0291477 0.0291292 0.0292496 0.0291291 0.891084
202.549 0.0291291 0.0290688 0.0290385 0.0289058 0.0288871 0.0290083 0.0288871 0.893142
202.628 0.0288871 0.0288264 0.028796 0.0286624 0.0286437 0.0287655 0.0286436 0.895188
202.708 0.0286436 0.0285826 0.028552 0.0284177 0.0283988 0.0285214 0.0283988 0.897222
202.787 0.0283988 0.0283374 0.0283066 0.0281715 0.0281526 0.0282758 0.0281525 0.899242
202.867 0.0281525 0.0280908 0.0280598 0.027924 0.0279049 0.0280288 0.0279048 0.901249
202.946 0.0279048 0.0278629 0.0278419 0.0277497 0.0277368 0.0278209 0.0277368 0.902597
203 0.0277368 0.0276837 0.0276571 0.0275403 0.0275239 0.0276305 0.0275239 0.904287
203.068 0.0275239 0.0274689 0.0274413 0.0273203 0.0273033 0.0274137 0.0273033 0.906021
203.138 0.0273033 0.027248 0.0272202 0.0270986 0.0270815 0.0271925 0.0270815 0.907743
203.207 0.0270815 0.027026 0.0269981 0.0268758 0.0268587 0.0269702 0.0268586 0.909455
203.277 0.0268586 0.0268028 0.0267747 0.0266519 0.0266346 0.0267467 0.0266346 0.911155
203.347 0.0266346 0.0265785 0.0265503 0.0264268 0.0264095 0.0265221 0.0264094 0.912845
203.417 0.0264094 0.026353 0.0263247 0.0262006 0.0261831 0.0262964 0.0261831 0.914523
203.487 0.0261831 0.0261264 0.0260979 0.0259732 0.0259557 0.0260695 0.0259556 0.91619
203.557 0.0259556 0.0258986 0.02587 0.0257446 0.025727 0.0258414 0.025727 0.917845
203.627 0.025727 0.0256697 0.0256409 0.0255149 0.0254972 0.0256122 0.0254971 0.919488
203.696 0.0254971 0.0254396 0.0254107 0.025284 0.0252662 0.0253818 0.0252661 0.92112
203.766 0.0252661 0.0252083 0.0251792 0.0250519 0.025034 0.0251502 0.025034 0.922739
203.836 0.025034 0.0249758 0.0249466 0.0248186 0.0248006 0.0249174 0.0248006 0.924347
203.906 0.0248006 0.0247421 0.0247127 0.0245841 0.024566 0.0246834 0.024566 0.925942
203.976 0.024566 0.0245456 0.0245353 0.0244905 0.0244842 0.0245251 0.0244842 0.926493
204 0.0244842 0.0244405 0.0244186 0.0243224 0.0243089 0.0243966 0.0243089 0.927666
204.052 0.0243089 0.0242594 0.0242345 0.0241256 0.0241104 0.0242097 0.0241103 0.928981
204.11 0.0241103 0.02406 0.0240348 0.0239241 0.0239086 0.0240095 0.0239085 0.930303
204.17 0.0239085 0.023858 0.0238326 0.0237215 0.0237059 0.0238073 0.0237059 0.931615
204.229 0.0237059 0.0236551 0.0236296 0.023518 0.0235023 0.0236042 0.0235023 0.932918
204.288 0.0235023 0.0234513 0.0234257 0.0233136 0.0232979 0.0234002 0.0232978 0.934211
204.347 0.0232978 0.0232466 0.0232209 0.0231083 0.0230925 0.0231953 0.0230925 0.935495
204.406 0.0230925 0.0230411 0.0230153 0.0229022 0.0228863 0.0229895 0.0228862 0.93677
204.466 0.0228862 0.0228346 0.0228087 0.0226951 0.0226791 0.0227828 0.0226791 0.938034
204.525 0.0226791 0.0226272 0.0226012 0.0224871 0.0224711 0.0225752 0.022471 0.939289
204.584 0.022471 0.0224189 0.0223928 0.0222782 0.0222621 0.0223667 0.0222621 0.940534
204.643 0.0222621 0.0222097 0.0221835 0.0220684 0.0220522 0.0221572 0.0220522 0.941769
204.703 0.0220522 0.0219996 0.0219732 0.0218576 0.0218414 0.0219469 0.0218414 0.942993
204.762 0.0218414 0.0217886 0.0217621 0.021646 0.0216297 0.0217356 0.0216297 0.944208
204.821 0.0216297 0.0215766 0.02155 0.0214334 0.021417 0.0215234 0.021417 0.945412
204.88 0.021417 0.0213637 0.021337 0.0212199 0.0212035 0.0213103 0.0212034 0.0213703 0.0213469 0.0212442 0.0212298 0.0213235 0.0212298 0.946459
204.932 0.0212298 0.0211829 0.0211594 0.0210564 0.0210419 0.0211359 0.0210419 0.947498
204.984 0.0210419 0.0210273 0.0210201 0.0209882 0.0209837 0.0210128 0.0209837 0.947817
205 0.0209837 0.0209461 0.0209272 0.0208446 0.020833 0.0209084 0.020833 0.948639
205.041 0.020833 0.0207891 0.020767 0.0206705 0.0206569 0.020745 0.0206569 0.949589
205.09 0.0206569 0.0206121 0.0205896 0.020491 0.0204771 0.0205671 0.0204771 0.950548
205.139 0.0204771 0.0204321 0.0204095 0.0203106 0.0202967 0.020387 0.0202967 0.9515
205.188 0.0202967 0.0202515 0.0202288 0.0201295 0.0201156 0.0202062 0.0201156 0.952444
205.237 0.0201156 0.0200702 0.0200475 0.0199478 0.0199338 0.0200248 0.0199338 0.953381
205.286 0.0199338 0.0198883 0.0198655 0.0197654 0.0197514 0.0198427 0.0197514 0.95431
205.335 0.0197514 0.0197057 0.0196828 0.0195824 0.0195683 0.0196599 0.0195683 0.955232
205.384 0.0195683 0.0195224 0.0194995 0.0193987 0.0193846 0.0194765 0.0193845 0.956146
205.433 0.0193845 0.0193385 0.0193155 0.0192143 0.0192001 0.0192924 0.0192001 0.957052
205.482 0.0192001 0.0191539 0.0191308 0.0190293 0.0190151 0.0191076 0.019015 0.95795
205.532 0.019015 0.0189687 0.0189454 0.0188436 0.0188293 0.0189222 0.0188293 0.95884
205.581 0.0188293 0.0187827 0.0187594 0.0186572 0.0186429 0.0187361 0.0186428 0.959723
205.63 0.0186428 0.0185961 0.0185727 0.0184701 0.0184557 0.0185493 0.0184557 0.960597
205.679 0.0184557 0.0184089 0.0183854 0.0182824 0.018268 0.0183619 0.0182679 0.961464
205.728 0.0182679 0.0182209 0.0181973 0.018094 0.0180795 0.0181738 0.0180794 0.0182265 0.0182058 0.0181149 0.0181021 0.0181851 0.0181021 0.962219
205.771 0.0181021 0.0180606 0.0180398 0.0179486 0.0179357 0.018019 0.0179357 0.962969
205.814 0.0179357 0.0178941 0.0178732 0.0177817 0.0177689 0.0178523 0.0177688 0.963712
205.858 0.0177688 0.0177271 0.0177061 0.0176143 0.0176014 0.0176852 0.0176014 0.964449
205.901 0.0176014 0.0175595 0.0175385 0.0174464 0.0174335 0.0175175 0.0174334 0.965179
205.944 0.0174334 0.0173914 0.0173703 0.0172779 0.017265 0.0173493 0.017265 0.965903
205.987 0.017265 0.0172524 0.0172462 0.0172187 0.0172149 0.0172399 0.0172149 0.966116
206 0.0172149 0.0171826 0.0171664 0.0170954 0.0170854 0.0171502 0.0170854 0.966664
206.033 0.0170854 0.0170477 0.0170288 0.016946 0.0169343 0.0170099 0.0169343 0.967298
206.072 0.0169343 0.0168958 0.0168765 0.016792 0.0167801 0.0168573 0.0167801 0.967937
206.111 0.0167801 0.0167415 0.0167221 0.0166374 0.0166255 0.0167028 0.0166254 0.96857
206.15 0.0166254 0.0165867 0.0165673 0.0164823 0.0164704 0.0165479 0.0164703 0.969199
206.189 0.0164703 0.0164315 0.016412 0.0163268 0.0163148 0.0163926 0.0163148 0.969821
206.228 0.0163148 0.0162758 0.0162563 0.0161708 0.0161588 0.0162368 0.0161588 0.970439
206.267 0.0161588 0.0161197 0.0161002 0.0160144 0.0160024 0.0160806 0.0160023 0.97105
206.307 0.0160023 0.0159632 0.0159435 0.0158575 0.0158455 0.0159239 0.0158454 0.971656
206.346 0.0158454 0.0158062 0.0157865 0.0157002 0.0156881 0.0157668 0.0156881 0.972257
206.385 0.0156881 0.0156487 0.015629 0.0155424 0.0155303 0.0156092 0.0155303 0.972852
206.424 0.0155303 0.0154908 0.015471 0.0153842 0.0153721 0.0154512 0.015372 0.973441
206.463 0.015372 0.0153324 0.0153126 0.0152256 0.0152133 0.0152927 0.0152133 0.974024
206.503 0.0152133 0.0151736 0.0151537 0.0150664 0.0150542 0.0151338 0.0150542 0.974602
206.542 0.0150542 0.0150143 0.0149944 0.0149068 0.0148946 0.0149744 0.0148945 0.975174
206.581 0.0148945 0.0148546 0.0148346 0.0147468 0.0147345 0.0148146 0.0147345 0.0148593 0.0148417 0.0147643 0.0147534 0.014824 0.0147534 0.975674
206.616 0.0147534 0.0147181 0.0147004 0.0146228 0.0146119 0.0146827 0.0146119 0.976169
206.65 0.0146119 0.0145765 0.0145587 0.014481 0.01447 0.014541 0.01447 0.976659
206.685 0.01447 0.0144345 0.0144167 0.0143388 0.0143278 0.0143989 0.0143278 0.977146
206.719 0.0143278 0.0142922 0.0142744 0.0141962 0.0141852 0.0142565 0.0141852 0.977627
206.754 0.0141852 0.0141495 0.0141317 0.0140533 0.0140423 0.0141138 0.0140423 0.978104
206.788 0.0140423 0.0140065 0.0139886 0.01391 0.013899 0.0139707 0.013899 0.978576
206.823 0.013899 0.0138631 0.0138452 0.0137664 0.0137554 0.0138272 0.0137553 0.979044
206.857 0.0137553 0.0137194 0.0137014 0.0136224 0.0136114 0.0136834 0.0136113 0.979507
206.892 0.0136113 0.0135753 0.0135572 0.0134781 0.013467 0.0135392 0.013467 0.979965
206.927 0.013467 0.0134308 0.0134127 0.0133334 0.0133222 0.0133946 0.0133222 0.980419
206.961 0.0133222 0.013286 0.0132679 0.0131883 0.0131772 0.0132497 0.0131771 0.980868
206.996 0.0131771 0.0131726 0.0131703 0.0131602 0.0131588 0.013168 0.0131588 0.980924
207 0.0131588 0.0131359 0.0131245 0.0130743 0.0130673 0.0131131 0.0130673 0.981204
207.022 0.0130673 0.0130375 0.0130226 0.0129573 0.0129481 0.0130077 0.0129481 0.981565
207.05 0.0129481 0.0129171 0.0129017 0.0128337 0.0128242 0.0128862 0.0128242 0.981936
207.079 0.0128242 0.0127932 0.0127777 0.0127096 0.0127001 0.0127621 0.0127 0.982304
207.109 0.0127 0.012669 0.0126534 0.0125852 0.0125756 0.0126379 0.0125756 0.982668
207.138 0.0125756 0.0125445 0.0125289 0.0124606 0.012451 0.0125133 0.012451 0.983029
207.167 0.012451 0.0124198 0.0124041 0.0123356 0.012326 0.0123885 0.012326 0.983386
207.197 0.012326 0.0122948 0.0122791 0.0122105 0.0122008 0.0122635 0.0122008 0.983739
207.226 0.0122008 0.0121695 0.0121538 0.012085 0.0120754 0.0121381 0.0120754 0.98409
207.255 0.0120754 0.012044 0.0120283 0.0119593 0.0119497 0.0120125 0.0119497 0.984436
207.285 0.0119497 0.0119182 0.0119024 0.0118334 0.0118237 0.0118867 0.0118237 0.98478
207.314 0.0118237 0.0117921 0.0117764 0.0117072 0.0116974 0.0117606 0.0116974 0.985119
207.343 0.0116974 0.0116658 0.01165 0.0115807 0.0115709 0.0116342 0.0115709 0.985455
207.373 0.0115709 0.0115393 0.0115234 0.0114539 0.0114442 0.0115076 0.0114442 0.985788
207.402 0.0114442 0.0114124 0.0113965 0.0113269 0.0113171 0.0113807 0.0113171 0.986117
207.431 0.0113171 0.0112853 0.0112694 0.0111996 0.0111898 0.0112535 0.0111898 0.986443
207.461 0.0111898 0.011158 0.011142 0.0110721 0.0110623 0.0111261 0.0110623 0.0111619 0.0111479 0.0110866 0.011078 0.0111339 0.011078 0.986725
207.486 0.011078 0.01105 0.011036 0.0109745 0.0109659 0.011022 0.0109659 0.987005
207.512 0.0109659 0.0109379 0.0109238 0.0108623 0.0108537 0.0109098 0.0108537 0.987282
207.538 0.0108537 0.0108256 0.0108115 0.0107499 0.0107412 0.0107974 0.0107412 0.987556
207.563 0.0107412 0.0107131 0.010699 0.0106372 0.0106285 0.0106849 0.0106285 0.987827
207.589 0.0106285 0.0106003 0.0105862 0.0105244 0.0105157 0.0105721 0.0105157 0.988096
207.615 0.0105157 0.0104874 0.0104733 0.0104113 0.0104026 0.0104592 0.0104026 0.988362
207.641 0.0104026 0.0103743 0.0103601 0.0102981 0.0102893 0.010346 0.0102893 0.988625
207.666 0.0102893 0.010261 0.0102468 0.0101846 0.0101759 0.0102326 0.0101759 0.988885
207.692 0.0101759 0.0101475 0.0101332 0.0100709 0.0100622 0.010119 0.0100622 0.989142
207.718 0.0100622 0.0100337 0.0100195 0.00995707 0.00994832 0.0100053 0.0099483 0.989397
207.743 0.0099483 0.0099198 0.00990554 0.00984301 0.00983423 0.00989128 0.00983421 0.989649
207.769 0.00983421 0.00980567 0.00979138 0.00972874 0.00971995 0.00977709 0.00971993 0.0098091 0.00979653 0.00974142 0.00973369 0.00978396 0.00973368 0.989868
207.792 0.00973368 0.00970852 0.00969593 0.00964074 0.009633 0.00968335 0.00963298 0.990085
207.814 0.00963298 0.00960779 0.00959518 0.0095399 0.00953215 0.00958257 0.00953213 0.990299
207.837 0.00953213 0.0095069 0.00949427 0.00943891 0.00943114 0.00948164 0.00943113 0.990512
207.86 0.00943113 0.00940585 0.00939321 0.00933775 0.00932998 0.00938056 0.00932996 0.990722
207.882 0.00932996 0.00930465 0.00929198 0.00923645 0.00922866 0.00927932 0.00922864 0.99093
207.905 0.00922864 0.00920329 0.0091906 0.00913498 0.00912718 0.00917792 0.00912716 0.991136
207.928 0.00912716 0.00910178 0.00908907 0.00903336 0.00902555 0.00907636 0.00902553 0.99134
207.95 0.00902553 0.0090001 0.00898738 0.00893158 0.00892376 0.00897465 0.00892374 0.991541
207.973 0.00892374 0.00889828 0.00888553 0.00882965 0.00882181 0.00887278 0.0088218 0.99174
207.995 0.0088218 0.00881668 0.00881411 0.00880289 0.00880131 0.00881155 0.00880131 0.99178
