0 0.02 0.02 0.02 0.02 0.02 0.02 0.02 1e-06
1e-09 0.02 0.02 0.02 0.02 0.02 0.02 0.02 1e-06
6e-09 0.02 0.02 0.02 0.02 0.02 0.02 0.02 1e-06
3.1e-08 0.02 0.02 0.02 0.02 0.02 0.02 0.02 1e-06
1.56e-07 0.02 0.02 0.02 0.02 0.02 0.02 0.02 1e-06
7.81e-07 0.02 0.02 0.02 0.02 0.02 0.02 0.02 1e-06
3.906e-06 0.02 0.0200001 0.0200001 0.0200002 0.0200002 0.0200001 0.0200002 1e-06
1.9531e-05 0.0200002 0.0200004 0.0200005 0.0200009 0.0200009 0.0200005 0.0200009 1e-06
9.7656e-05 0.0200009 0.0200019 0.0200023 0.0200044 0.0200047 0.0200028 0.0200047 1.00001e-06
0.000488281 0.0200047 0.0200095 0.0200118 0.0200222 0.0200237 0.0200142 0.0200237 1.00005e-06
0.00244141 0.0200237 0.0200473 0.0200592 0.0201111 0.0201184 0.020071 0.0201184 1.00024e-06
0.012207 0.0201184 0.0202367 0.0202958 0.020555 0.0205914 0.020355 0.0205914 1.00124e-06
0.0610352 0.0205914 0.0211814 0.021476 0.0227636 0.0229439 0.0217701 0.0229435 1.00658e-06
0.305176 0.0229435 0.0246025 0.0254278 0.0290087 0.0295098 0.0262479 0.029502 1.0251e-06
1 0.029502 0.0318043 0.0329437 0.0378431 0.0385277 0.0340694 0.038506 1.0606e-06
2 0.038506 0.0406627 0.0417265 0.0462742 0.0469062 0.0427752 0.0468862 1.10693e-06
3 0.0468862 0.0488719 0.0498483 0.0540003 0.0545745 0.050809 0.0545563 1.16459e-06
4 0.0545563 0.0563558 0.0572382 0.060972 0.061486 0.0581047 0.0614697 1.23423e-06
5 0.0614697 0.0630772 0.0638634 0.0671758 0.06763 0.0646342 0.0676156 1.3166e-06
6 0.0676156 0.0690332 0.069725 0.0726283 0.073025 0.0704022 0.0730124 1.4126e-06
7 0.0730124 0.0742484 0.0748504 0.0773683 0.0777113 0.0754389 0.0777005 1.52325e-06
8 0.0777005 0.0787675 0.0792863 0.0814501 0.0817441 0.079793 0.0817348 1.64973e-06
9 0.0817348 0.0826481 0.0830915 0.0849364 0.0851864 0.0835242 0.0851785 1.79341e-06
10 0.0851785 0.0859546 0.0863309 0.0878932 0.0881046 0.0866978 0.0880979 1.95579e-06
11 0.0880979 0.0887533 0.0890707 0.0903863 0.0905639 0.08938 0.0905583 2.13862e-06
12 0.0905583 0.0911089 0.0913753 0.0924777 0.0926264 0.0916347 0.0926217 2.34382e-06
13 0.0926217 0.0930821 0.0933048 0.0942249 0.0943489 0.0935214 0.094345 2.57356e-06
14 0.094345 0.0947286 0.094914 0.0956794 0.0957824 0.0950944 0.0957792 2.83028e-06
15 0.0957792 0.0960979 0.0962518 0.0968867 0.0969721 0.0964015 0.0969694 3.11668e-06
16 0.0969694 0.0972334 0.0973609 0.0978864 0.097957 0.0974849 0.0979548 3.43578e-06
17 0.0979548 0.0981731 0.0982784 0.0987125 0.0987708 0.0983809 0.0987689 3.79096e-06
18 0.0987689 0.0989491 0.0990361 0.099394 0.0994421 0.0991205 0.0994405 4.18596e-06
19 0.0994405 0.099589 0.0996607 0.0999555 0.099995 0.0997303 0.0999938 4.62493e-06
20 0.0999938 0.100116 0.100175 0.100418 0.10045 0.100232 0.100449 5.11251e-06
21 0.100449 0.10055 0.100598 0.100797 0.100824 0.100645 0.100823 5.65383e-06
22 0.100823 0.100906 0.100946 0.101109 0.101131 0.100984 0.101131 6.25458e-06
23 0.101131 0.101199 0.101231 0.101366 0.101384 0.101263 0.101383 6.92111e-06
24 0.101383 0.101439 0.101466 0.101576 0.101591 0.101492 0.10159 7.66041e-06
25 0.10159 0.101636 0.101658 0.101748 0.101761 0.101679 0.10176 8.48028e-06
26 0.10176 0.101798 0.101816 0.10189 0.1019 0.101833 0.101899 9.38935e-06
27 0.101899 0.10193 0.101945 0.102006 0.102014 0.101959 0.102014 1.03972e-05
28 0.102014 0.102039 0.102051 0.102101 0.102107 0.102063 0.102107 1.15144e-05
29 0.102107 0.102128 0.102138 0.102178 0.102184 0.102147 0.102184 1.27527e-05
30 0.102184 0.102201 0.102209 0.102242 0.102247 0.102217 0.102247 1.41252e-05
31 0.102247 0.10226 0.102267 0.102294 0.102298 0.102273 0.102298 1.56463e-05
32 0.102298 0.102309 0.102315 0.102337 0.10234 0.10232 0.10234 1.7332e-05
33 0.10234 0.102349 0.102354 0.102372 0.102375 0.102358 0.102374 1.92e-05
34 0.102374 0.102382 0.102386 0.102401 0.102403 0.102389 0.102403 2.127e-05
35 0.102403 0.102409 0.102412 0.102424 0.102426 0.102415 0.102426 2.35638e-05
36 0.102426 0.102431 0.102433 0.102443 0.102445 0.102436 0.102445 2.61056e-05
37 0.102445 0.102449 0.102451 0.102459 0.10246 0.102453 0.10246 2.8922e-05
38 0.10246 0.102463 0.102465 0.102472 0.102473 0.102467 0.102473 3.20427e-05
39 0.102473 0.102475 0.102477 0.102482 0.102483 0.102478 0.102483 3.55005e-05
40 0.102483 0.102485 0.102486 0.102491 0.102491 0.102487 0.102491 3.93318e-05
41 0.102491 0.102493 0.102494 0.102498 0.102498 0.102495 0.102498 4.35769e-05
42 0.102498 0.1025 0.1025 0.102503 0.102504 0.102501 0.102504 4.82805e-05
43 0.102504 0.102505 0.102505 0.102508 0.102508 0.102506 0.102508 5.34921e-05
44 0.102508 0.102509 0.102509 0.102511 0.102512 0.10251 0.102512 5.92665e-05
45 0.102512 0.102512 0.102513 0.102514 0.102514 0.102513 0.102514 6.56644e-05
46 0.102514 0.102515 0.102515 0.102517 0.102517 0.102516 0.102517 7.27532e-05
47 0.102517 0.102517 0.102517 0.102518 0.102519 0.102518 0.102519 8.06074e-05
48 0.102519 0.102519 0.102519 0.10252 0.10252 0.102519 0.10252 0.102519 0.102519 0.10252 0.10252 0.102519 0.10252 8.817e-05
48.8747 0.10252 0.10252 0.10252 0.10252 0.10252 0.10252 0.10252 8.93097e-05
49 0.10252 0.10252 0.10252 0.102521 0.102521 0.10252 0.102521 9.50633e-05
49.609 0.102521 0.102521 0.102521 0.102521 0.102521 0.102521 0.102521 9.89516e-05
50 0.102521 0.102521 0.102521 0.102521 0.102522 0.102521 0.102522 0.000106622
50.7283 0.102522 0.102522 0.102522 0.102522 0.102522 0.102522 0.102522 0.000109634
51 0.102522 0.102522 0.102522 0.102522 0.102522 0.102522 0.102522 0.000117453
51.6719 0.102522 0.102522 0.102522 0.102522 0.102522 0.102522 0.102522 0.000121471
52 0.102522 0.102522 0.102522 0.102522 0.102522 0.102522 0.102522 0.000130275
52.6825 0.102522 0.102522 0.102522 0.102522 0.102522 0.102522 0.102522 0.000134585
53 0.102522 0.102522 0.102522 0.102522 0.102522 0.102522 0.102522 0.000144113
53.6672 0.102522 0.102522 0.102522 0.102522 0.102522 0.102522 0.102522 0.000149115
54 0.102522 0.102522 0.102522 0.102522 0.102522 0.102522 0.102522 0.000159576
54.6613 0.102522 0.102522 0.102522 0.102522 0.102522 0.102522 0.102522 0.000165214
55 0.102522 0.102522 0.102522 0.102522 0.102522 0.102522 0.102522 0.000176637
55.6521 0.102522 0.102522 0.102522 0.102522 0.102522 0.102522 0.102522 0.000183051
56 0.102522 0.102522 0.102522 0.102522 0.102522 0.102522 0.102522 0.000195546
56.6441 0.102522 0.102522 0.102522 0.102522 0.102522 0.102522 0.102522 0.000202813
57 0.102522 0.102522 0.102521 0.102521 0.102521 0.102521 0.102521 0.000216472
57.6357 0.102521 0.102521 0.102521 0.102521 0.102521 0.102521 0.102521 0.000224709
58 0.102521 0.102521 0.102521 0.102521 0.102521 0.102521 0.102521 0.000239641
58.6275 0.102521 0.102521 0.10252 0.10252 0.10252 0.10252 0.10252 0.000248969
59 0.10252 0.10252 0.10252 0.10252 0.10252 0.10252 0.10252 0.00026529
59.6194 0.10252 0.10252 0.10252 0.102519 0.102519 0.10252 0.102519 0.000275847
60 0.102519 0.102519 0.102519 0.102519 0.102519 0.102519 0.102519 0.000293686
60.6112 0.102519 0.102519 0.102519 0.102518 0.102518 0.102519 0.102518 0.000305627
61 0.102518 0.102518 0.102518 0.102518 0.102518 0.102518 0.102518 0.000325122
61.6032 0.102518 0.102518 0.102517 0.102517 0.102517 0.102517 0.102517 0.000338622
62 0.102517 0.102517 0.102517 0.102516 0.102516 0.102517 0.102516 0.000359925
62.5951 0.102516 0.102516 0.102516 0.102516 0.102516 0.102516 0.102516 0.000375178
63 0.102516 0.102516 0.102516 0.102515 0.102515 0.102515 0.102515 0.000398455
63.5872 0.102515 0.102515 0.102515 0.102514 0.102514 0.102515 0.102514 0.00041568
64 0.102514 0.102514 0.102514 0.102513 0.102513 0.102514 0.102513 0.000441111
64.5793 0.102513 0.102513 0.102513 0.102513 0.102513 0.102513 0.102513 0.000460553
65 0.102513 0.102512 0.102512 0.102512 0.102512 0.102512 0.102512 0.000488337
65.5714 0.102512 0.102511 0.102511 0.102511 0.102511 0.102511 0.102511 0.00051027
66 0.102511 0.10251 0.10251 0.10251 0.102509 0.10251 0.102509 0.000540621
66.5636 0.102509 0.102509 0.102509 0.102509 0.102509 0.102509 0.102509 0.000565353
67 0.102509 0.102508 0.102508 0.102507 0.102507 0.102508 0.102507 0.000598506
67.5559 0.102507 0.102507 0.102507 0.102506 0.102506 0.102507 0.102506 0.00062638
68 0.102506 0.102506 0.102506 0.102505 0.102505 0.102505 0.102505 0.000662591
68.5483 0.102505 0.102504 0.102504 0.102504 0.102503 0.102504 0.102503 0.000693993
69 0.102503 0.102503 0.102503 0.102502 0.102502 0.102503 0.102502 0.000733543
69.5407 0.102502 0.102502 0.102501 0.102501 0.1025 0.102501 0.102501 0.000768902
70 0.102501 0.1025 0.1025 0.102499 0.102499 0.1025 0.102499 0.000812095
70.5332 0.102499 0.102498 0.102498 0.102497 0.102497 0.102498 0.102497 0.000851895
71 0.102497 0.102497 0.102497 0.102495 0.102495 0.102496 0.102495 0.000899063
71.5258 0.102495 0.102495 0.102495 0.102494 0.102494 0.102494 0.102494 0.000943842
72 0.102494 0.102493 0.102493 0.102492 0.102492 0.102493 0.102492 0.00099535
72.5184 0.102492 0.102491 0.102491 0.10249 0.10249 0.102491 0.10249 0.00104571
73 0.10249 0.102489 0.102489 0.102487 0.102487 0.102488 0.102487 0.00110195
73.5112 0.102487 0.102487 0.102486 0.102485 0.102485 0.102486 0.102485 0.00115856
74 0.102485 0.102484 0.102484 0.102483 0.102483 0.102484 0.102483 0.00121998
74.504 0.102483 0.102482 0.102482 0.10248 0.10248 0.102481 0.10248 0.00128359
75 0.10248 0.102479 0.102479 0.102478 0.102477 0.102479 0.102477 0.00135053
75.496 0.102477 0.102477 0.102476 0.102475 0.102475 0.102476 0.102475 0.00142095
75.992 0.102475 0.102475 0.102475 0.102475 0.102475 0.102475 0.102475 0.00142211
76 0.102475 0.102474 0.102474 0.102474 0.102474 0.102474 0.102474 0.00142793
76.0398 0.102474 0.102474 0.102474 0.102473 0.102473 0.102474 0.102473 0.00145736
76.2389 0.102473 0.102473 0.102472 0.102471 0.102471 0.102472 0.102471 0.00152069
76.654 0.102471 0.10247 0.10247 0.102469 0.102468 0.10247 0.102468 0.00157556
77 0.102468 0.102468 0.102467 0.102466 0.102465 0.102467 0.102465 0.00165007
77.4509 0.102465 0.102465 0.102464 0.102462 0.102462 0.102464 0.102462 0.00173128
77.9198 0.102462 0.102462 0.102462 0.102462 0.102462 0.102462 0.102462 0.00174557
78 0.102462 0.102461 0.102461 0.102459 0.102459 0.10246 0.102459 0.00180845
78.3454 0.102459 0.102458 0.102458 0.102456 0.102456 0.102458 0.102456 0.00189199
78.7862 0.102456 0.102455 0.102455 0.102454 0.102454 0.102455 0.102454 0.0019339
79 0.102454 0.102453 0.102453 0.102451 0.102451 0.102453 0.102451 0.00201506
79.4013 0.102451 0.10245 0.10245 0.102447 0.102447 0.102449 0.102447 0.00210897
79.8459 0.102447 0.102447 0.102447 0.102446 0.102446 0.102447 0.102446 0.00214253
80 0.102446 0.102445 0.102445 0.102443 0.102443 0.102444 0.102443 0.00222602
80.3732 0.102443 0.102442 0.102441 0.102439 0.102439 0.102441 0.102439 0.00232674
80.8052 0.102439 0.102438 0.102438 0.102437 0.102437 0.102438 0.102437 0.00237365
81 0.102437 0.102436 0.102435 0.102433 0.102433 0.102435 0.102433 0.00246838
81.382 0.102433 0.102432 0.102431 0.102429 0.102428 0.102431 0.102428 0.00257863
81.8086 0.102428 0.102428 0.102428 0.102427 0.102426 0.102427 0.102426 0.00262967
82 0.102426 0.102425 0.102425 0.102423 0.102422 0.102424 0.102422 0.00273254
82.3746 0.102422 0.102421 0.102421 0.102418 0.102418 0.10242 0.102418 0.00285213
82.7929 0.102418 0.102417 0.102417 0.102415 0.102415 0.102416 0.102415 0.00291328
83 0.102415 0.102414 0.102413 0.102411 0.102411 0.102413 0.102411 0.0030269
83.3736 0.102411 0.102409 0.102409 0.102406 0.102405 0.102408 0.102405 0.00315709
83.7848 0.102405 0.102405 0.102404 0.102403 0.102403 0.102404 0.102403 0.00322744
84 0.102403 0.102401 0.102401 0.102398 0.102398 0.1024 0.102398 0.00335204
84.3699 0.102398 0.102396 0.102396 0.102392 0.102392 0.102395 0.102392 0.00349358
84.7738 0.102392 0.102391 0.102391 0.102389 0.102389 0.10239 0.102389 0.00357543
85 0.102389 0.102387 0.102387 0.102384 0.102383 0.102386 0.102383 0.00371236
85.3671 0.102383 0.102382 0.102381 0.102378 0.102377 0.10238 0.102377 0.0038663
85.7639 0.102377 0.102376 0.102376 0.102374 0.102373 0.102375 0.102373 0.00396088
86 0.102373 0.102372 0.102371 0.102368 0.102367 0.10237 0.102367 0.00411119
86.3638 0.102367 0.102366 0.102365 0.102361 0.102361 0.102364 0.102361 0.00427859
86.7537 0.102361 0.10236 0.102359 0.102357 0.102356 0.102358 0.102356 0.00438781
87 0.102356 0.102355 0.102354 0.10235 0.10235 0.102353 0.10235 0.0045528
87.3606 0.10235 0.102348 0.102347 0.102343 0.102342 0.102346 0.102342 0.00473486
87.7437 0.102342 0.102341 0.102341 0.102338 0.102337 0.10234 0.102337 0.00486068
88 0.102337 0.102336 0.102335 0.102331 0.10233 0.102334 0.10233 0.00504172
88.3574 0.10233 0.102328 0.102327 0.102323 0.102322 0.102326 0.102322 0.00523972
88.7338 0.102322 0.102321 0.10232 0.102317 0.102316 0.102319 0.102316 0.0053844
89 0.102316 0.102315 0.102314 0.102309 0.102309 0.102313 0.102309 0.00558301
89.354 0.102309 0.102306 0.102305 0.102301 0.1023 0.102304 0.1023 0.00579835
89.724 0.1023 0.102298 0.102297 0.102294 0.102293 0.102297 0.102293 0.00596441
90 0.102293 0.102291 0.10229 0.102285 0.102285 0.102289 0.102285 0.00618224
90.3507 0.102285 0.102282 0.102281 0.102276 0.102275 0.10228 0.102275 0.00641647
90.7143 0.102275 0.102273 0.102272 0.102268 0.102268 0.102271 0.102268 0.00660674
91 0.102268 0.102265 0.102264 0.102259 0.102258 0.102263 0.102258 0.00684561
91.3473 0.102258 0.102256 0.102254 0.102249 0.102248 0.102253 0.102248 0.00710039
91.7047 0.102248 0.102246 0.102245 0.10224 0.102239 0.102244 0.102239 0.00731805
92 0.102239 0.102237 0.102235 0.102229 0.102229 0.102234 0.102229 0.00757994
92.3439 0.102229 0.102226 0.102225 0.102218 0.102218 0.102223 0.102218 0.00785709
92.6952 0.102218 0.102215 0.102214 0.102208 0.102208 0.102213 0.102208 0.00810571
93 0.102208 0.102205 0.102203 0.102197 0.102196 0.102202 0.102196 0.00839279
93.3405 0.102196 0.102193 0.102192 0.102185 0.102184 0.10219 0.102184 0.0086943
93.6859 0.102184 0.102181 0.10218 0.102174 0.102173 0.102178 0.102173 0.00897783
94 0.102173 0.10217 0.102168 0.102161 0.10216 0.102166 0.10216 0.00929249
94.3372 0.10216 0.102157 0.102155 0.102148 0.102147 0.102154 0.102147 0.00961813
94.6743 0.102147 0.102144 0.102142 0.102135 0.102134 0.102141 0.102134 0.00994343
95 0.102134 0.102131 0.102129 0.102121 0.10212 0.102127 0.10212 0.0102887
95.3343 0.10212 0.102117 0.102115 0.102107 0.102106 0.102113 0.102106 0.010646
95.6685 0.102106 0.102102 0.1021 0.102092 0.102091 0.102099 0.102091 0.0110124
96 0.102091 0.102087 0.102086 0.102077 0.102076 0.102084 0.102076 0.0113915
96.3315 0.102076 0.102072 0.10207 0.102062 0.10206 0.102068 0.10206 0.0117835
96.663 0.10206 0.102056 0.102054 0.102045 0.102044 0.102052 0.102044 0.0121889
96.9944 0.102044 0.102044 0.102044 0.102044 0.102044 0.102044 0.102044 0.0121958
97 0.102044 0.102043 0.102043 0.102042 0.102042 0.102043 0.102042 0.0122304
97.0278 0.102042 0.102041 0.10204 0.102036 0.102035 0.102039 0.102035 0.0124049
97.1666 0.102035 0.102032 0.10203 0.102022 0.102021 0.102028 0.102021 0.0127641
97.4463 0.102021 0.102017 0.102015 0.102006 0.102004 0.102013 0.102004 0.0131797
97.7605 0.102004 0.102001 0.101999 0.101992 0.101991 0.101998 0.101991 0.0135057
98 0.101991 0.101987 0.101985 0.101975 0.101974 0.101983 0.101974 0.0139302
98.3034 0.101974 0.10197 0.101967 0.101957 0.101956 0.101965 0.101956 0.0143844
98.6182 0.101956 0.101951 0.101949 0.101938 0.101937 0.101947 0.101937 0.0148535
98.9329 0.101937 0.101936 0.101935 0.101933 0.101933 0.101935 0.101933 0.0149554
99 0.101933 0.101929 0.101927 0.101919 0.101918 0.101925 0.101918 0.0153275
99.2411 0.101918 0.101913 0.101911 0.1019 0.101899 0.101909 0.101899 0.015801
99.5397 0.101899 0.101894 0.101891 0.10188 0.101879 0.101889 0.101879 0.0163055
99.8481 0.101879 0.101876 0.101875 0.101869 0.101868 0.101874 0.101868 0.0165597
100 0.101868 0.101864 0.101861 0.101851 0.10185 0.101859 0.10185 0.0170267
100.273 0.10185 0.101844 0.101842 0.10183 0.101828 0.101839 0.101828 0.0175563
100.574 0.101828 0.101823 0.10182 0.101808 0.101806 0.101817 0.101806 0.0181092
100.878 0.101806 0.101804 0.101803 0.101798 0.101797 0.101801 0.101797 0.0183349
101 0.101797 0.101792 0.10179 0.101779 0.101777 0.101787 0.101777 0.0188256
101.259 0.101777 0.101772 0.101769 0.101756 0.101754 0.101766 0.101754 0.0193977
101.554 0.101754 0.101748 0.101745 0.101732 0.10173 0.101742 0.10173 0.0199979
101.853 0.10173 0.101727 0.101725 0.101719 0.101718 0.101724 0.101718 0.0202989
102 0.101718 0.101712 0.101709 0.101697 0.101695 0.101707 0.101695 0.0208521
102.264 0.101695 0.101689 0.101686 0.101672 0.10167 0.101683 0.10167 0.021479
102.556 0.10167 0.101664 0.10166 0.101646 0.101644 0.101657 0.101644 0.0221333
102.851 0.101644 0.10164 0.101639 0.101631 0.10163 0.101637 0.10163 0.0224713
103 0.10163 0.101624 0.101621 0.101608 0.101606 0.101618 0.101606 0.023077
103.262 0.101606 0.101599 0.101595 0.10158 0.101578 0.101592 0.101578 0.0237602
103.549 0.101578 0.101571 0.101567 0.101552 0.101549 0.101564 0.101549 0.0244724
103.84 0.101549 0.101545 0.101543 0.101534 0.101533 0.101541 0.101533 0.024874
104 0.101533 0.101526 0.101523 0.101508 0.101506 0.10152 0.101506 0.0255437
104.262 0.101506 0.101499 0.101495 0.101478 0.101476 0.101491 0.101476 0.0262898
104.545 0.101476 0.101468 0.101464 0.101447 0.101444 0.10146 0.101444 0.0270657
104.832 0.101444 0.10144 0.101437 0.101427 0.101425 0.101435 0.101425 0.0275307
105 0.101425 0.101418 0.101414 0.101398 0.101396 0.101411 0.101396 0.0282682
105.261 0.101396 0.101388 0.101383 0.101365 0.101363 0.101379 0.101363 0.0290825
105.541 0.101363 0.101354 0.10135 0.101331 0.101329 0.101346 0.101329 0.0299201
105.821 0.101329 0.101323 0.10132 0.101308 0.101306 0.101318 0.101306 0.0304678
106 0.101306 0.101298 0.101294 0.101276 0.101273 0.10129 0.101273 0.0312824
106.26 0.101273 0.101264 0.10126 0.10124 0.101237 0.101255 0.101237 0.0321721
106.537 0.101237 0.101228 0.101223 0.101203 0.1012 0.101219 0.1012 0.0330868
106.814 0.1012 0.101194 0.101191 0.101176 0.101175 0.101187 0.101175 0.033714
107 0.101175 0.101166 0.101161 0.101141 0.101138 0.101156 0.101138 0.0346097
107.259 0.101138 0.101128 0.101123 0.101102 0.101099 0.101118 0.101099 0.035581
107.533 0.101099 0.101089 0.101083 0.101061 0.101058 0.101078 0.101058 0.0365792
107.807 0.101058 0.101051 0.101047 0.101031 0.101028 0.101043 0.101028 0.0373008
108 0.101028 0.101019 0.101014 0.100991 0.100988 0.101009 0.100988 0.0382868
108.258 0.100988 0.100978 0.100972 0.100948 0.100945 0.100967 0.100945 0.0393478
108.529 0.100945 0.100934 0.100928 0.100904 0.1009 0.100923 0.1009 0.0404377
108.8 0.1009 0.100892 0.100888 0.100869 0.100867 0.100884 0.100867 0.0412629
109 0.100867 0.100856 0.10085 0.100826 0.100822 0.100845 0.100822 0.0423474
109.257 0.100822 0.100811 0.100805 0.100779 0.100775 0.100799 0.100775 0.0435065
109.525 0.100775 0.100763 0.100757 0.10073 0.100726 0.100751 0.100726 0.0446966
109.793 0.100726 0.100717 0.100712 0.100691 0.100688 0.100707 0.100688 0.0456381
110 0.100688 0.100676 0.10067 0.100643 0.100639 0.100663 0.100639 0.0468308
110.256 0.100639 0.100626 0.10062 0.100591 0.100587 0.100613 0.100587 0.0480972
110.521 0.100587 0.100574 0.100567 0.100538 0.100533 0.10056 0.100533 0.0493972
110.787 0.100533 0.100523 0.100517 0.100493 0.100489 0.100512 0.100489 0.0504677
111 0.100489 0.100476 0.100469 0.10044 0.100436 0.100463 0.100436 0.0517789
111.255 0.100436 0.100422 0.100414 0.100383 0.100379 0.100407 0.100379 0.0531629
111.518 0.100379 0.100364 0.100357 0.100325 0.10032 0.10035 0.10032 0.0545831
111.781 0.10032 0.100308 0.100301 0.100274 0.10027 0.100295 0.10027 0.0557967
112 0.10027 0.100255 0.100248 0.100215 0.100211 0.100241 0.100211 0.0572378
112.254 0.100211 0.100195 0.100187 0.100153 0.100148 0.10018 0.100148 0.0587505
112.515 0.100148 0.100132 0.100124 0.100089 0.100084 0.100116 0.100084 0.0603023
112.775 0.100084 0.10007 0.100063 0.100032 0.100027 0.100056 0.100027 0.0616742
113 0.100027 0.100011 0.100003 0.0999666 0.0999615 0.0999945 0.0999615 0.0632575
113.253 0.0999615 0.0999447 0.099936 0.0998983 0.0998929 0.0999275 0.0998929 0.0649112
113.512 0.0998929 0.0998757 0.0998668 0.099828 0.0998225 0.099858 0.0998225 0.066607
113.77 0.0998225 0.0998067 0.0997986 0.0997633 0.0997582 0.0997906 0.0997583 0.0681533
114 0.0997583 0.0997405 0.0997313 0.0996915 0.0996859 0.0997223 0.0996859 0.0698923
114.253 0.0996859 0.0996674 0.0996579 0.0996164 0.0996106 0.0996485 0.0996106 0.0717002
114.509 0.0996106 0.0995916 0.0995818 0.0995393 0.0995333 0.0995722 0.0995333 0.0735536
114.765 0.0995333 0.0995154 0.0995062 0.0994663 0.0994607 0.0994972 0.0994607 0.0752919
115 0.0994607 0.0994411 0.099431 0.0993871 0.0993808 0.099421 0.0993808 0.077201
115.252 0.0993808 0.0993606 0.0993501 0.0993045 0.0992981 0.0993397 0.0992981 0.0791777
115.506 0.0992981 0.0992773 0.0992665 0.0992198 0.0992132 0.0992559 0.0992132 0.0812032
115.761 0.0992132 0.0991931 0.0991827 0.0991377 0.0991314 0.0991725 0.0991314 0.083152
116 0.0991314 0.0991098 0.0990986 0.0990501 0.0990433 0.0990876 0.0990433 0.0852471
116.251 0.0990433 0.0990211 0.0990097 0.09896 0.098953 0.0989984 0.098953 0.087393
116.502 0.098953 0.0989302 0.0989185 0.0988675 0.0988603 0.0989069 0.0988603 0.0895909
116.753 0.0988603 0.0988374 0.0988256 0.0987742 0.098767 0.0988139 0.098767 0.091801
117 0.098767 0.0987431 0.0987307 0.0986772 0.0986696 0.0987186 0.0986696 0.0941045
117.251 0.0986696 0.0986451 0.0986324 0.0985774 0.0985697 0.0986199 0.0985697 0.0964635
117.502 0.0985697 0.0985445 0.0985315 0.0984752 0.0984672 0.0985187 0.0984672 0.0988791
117.753 0.0984672 0.0984418 0.0984287 0.0983719 0.0983638 0.0984158 0.0983638 0.101311
118 0.0983638 0.0983375 0.098324 0.098265 0.0982566 0.0983106 0.0982566 0.10383
118.25 0.0982566 0.0982296 0.0982157 0.0981552 0.0981467 0.098202 0.0981467 0.106408
118.5 0.0981467 0.098119 0.0981047 0.0980427 0.0980339 0.0980906 0.0980339 0.109048
118.749 0.0980339 0.0980055 0.0979909 0.0979272 0.0979182 0.0979764 0.0979182 0.11175
118.999 0.0979182 0.0979182 0.0979181 0.0979179 0.0979179 0.0979181 0.0979179 0.111758
119 0.0979179 0.0979175 0.0979172 0.0979163 0.0979162 0.097917 0.0979162 0.111798
119.004 0.0979162 0.097914 0.0979129 0.0979082 0.0979076 0.0979119 0.0979076 0.111999
119.022 0.0979076 0.0978968 0.0978914 0.0978676 0.0978642 0.0978859 0.0978642 0.11301
119.114 0.0978642 0.0978394 0.0978267 0.0977712 0.0977634 0.0978141 0.0977634 0.115359
119.324 0.0977634 0.0977343 0.0977193 0.0976541 0.0976449 0.0977045 0.0976449 0.118115
119.566 0.0976449 0.0976144 0.0975987 0.0975304 0.0975207 0.0975832 0.0975207 0.120998
119.813 0.0975207 0.0974971 0.0974849 0.0974321 0.0974246 0.0974729 0.0974246 0.123225
120 0.0974246 0.0973942 0.0973785 0.0973103 0.0973007 0.097363 0.0973007 0.126092
120.236 0.0973007 0.0972683 0.0972516 0.097179 0.0971688 0.0972351 0.0971688 0.129137
120.482 0.0971688 0.0971356 0.0971184 0.097044 0.0970335 0.0971016 0.0970335 0.132252
120.727 0.0970335 0.0969995 0.0969819 0.0969057 0.0968949 0.0969646 0.0968949 0.135438
120.973 0.0968949 0.096891 0.096889 0.0968804 0.0968792 0.096887 0.0968792 0.135798
121 0.0968792 0.0968596 0.0968496 0.0968061 0.0968 0.0968397 0.0968 0.137614
121.137 0.0968 0.0967677 0.0967512 0.096679 0.0966688 0.0967348 0.0966688 0.140616
121.36 0.0966688 0.0966331 0.0966147 0.0965346 0.0965233 0.0965965 0.0965233 0.143941
121.602 0.0965233 0.0964862 0.0964671 0.096384 0.0963722 0.0964482 0.0963722 0.147382
121.847 0.0963722 0.0963484 0.0963363 0.0962835 0.0962761 0.0963243 0.0962761 0.149568
122 0.0962761 0.0962404 0.096222 0.0961422 0.096131 0.0962039 0.096131 0.152861
122.226 0.096131 0.096092 0.0960719 0.0959847 0.0959724 0.0960522 0.0959724 0.156449
122.468 0.0959724 0.0959325 0.0959119 0.0958226 0.09581 0.0958917 0.09581 0.160115
122.709 0.09581 0.0957691 0.095748 0.0956565 0.0956435 0.0957273 0.0956435 0.163861
122.951 0.0956435 0.095635 0.0956307 0.095612 0.0956093 0.0956265 0.0956093 0.16463
123 0.0956093 0.0955769 0.0955602 0.0954879 0.0954777 0.0955438 0.0954776 0.167585
123.186 0.0954776 0.0954364 0.0954151 0.0953227 0.0953096 0.0953941 0.0953096 0.171346
123.419 0.0953096 0.0952658 0.0952432 0.0951451 0.0951312 0.0952209 0.0951312 0.175328
123.66 0.0951312 0.0950863 0.0950632 0.0949626 0.0949484 0.0950404 0.0949484 0.179394
123.901 0.0949484 0.0949296 0.09492 0.0948783 0.0948724 0.0949105 0.0948724 0.181081
124 0.0948724 0.0948323 0.0948117 0.0947221 0.0947095 0.0947914 0.0947095 0.184691
124.208 0.0947095 0.0946631 0.0946393 0.0945356 0.0945209 0.0946157 0.0945209 0.188856
124.444 0.0945209 0.0944726 0.0944476 0.0943394 0.0943241 0.0944231 0.0943241 0.19319
124.684 0.0943241 0.0942745 0.094249 0.0941381 0.0941225 0.0942239 0.0941224 0.197613
124.924 0.0941224 0.0941064 0.0940984 0.094063 0.0940581 0.0940903 0.0940581 0.199023
125 0.0940581 0.0940159 0.0939943 0.0939004 0.0938871 0.093973 0.0938871 0.202757
125.198 0.0938871 0.0938368 0.0938108 0.0936982 0.0936823 0.0937853 0.0936823 0.207218
125.43 0.0936823 0.0936294 0.0936022 0.093484 0.0934673 0.0935754 0.0934673 0.211882
125.668 0.0934673 0.0934132 0.0933853 0.0932643 0.0932471 0.0933578 0.0932471 0.21664
125.906 0.0932471 0.0932251 0.0932139 0.0931652 0.0931583 0.0932028 0.0931583 0.218554
126 0.0931583 0.0931104 0.0930859 0.092979 0.0929639 0.0930616 0.0929639 0.222734
126.204 0.0929639 0.0929085 0.09288 0.092756 0.0927385 0.0928518 0.0927385 0.227564
126.435 0.0927385 0.0926807 0.0926509 0.0925216 0.0925034 0.0926216 0.0925033 0.232581
126.67 0.0925033 0.0924442 0.0924137 0.0922814 0.0922627 0.0923837 0.0922627 0.237695
126.905 0.0922627 0.0922383 0.0922259 0.092172 0.0921645 0.0922137 0.0921645 0.239776
127 0.0921645 0.0921121 0.0920853 0.0919686 0.0919521 0.0920588 0.0919521 0.244263
127.201 0.0919521 0.0918917 0.0918606 0.0917256 0.0917065 0.09183 0.0917065 0.24943
127.429 0.0917065 0.0916436 0.0916113 0.0914707 0.0914508 0.0915794 0.0914508 0.254787
127.661 0.0914508 0.0913864 0.0913533 0.0912094 0.0911891 0.0913207 0.0911891 0.260243
127.893 0.0911891 0.0911588 0.0911434 0.0910763 0.0910669 0.0911281 0.0910668 0.262783
128 0.0910668 0.0910094 0.0909799 0.0908518 0.0908337 0.0909508 0.0908337 0.267613
128.2 0.0908337 0.090769 0.0907358 0.0905914 0.090571 0.090703 0.090571 0.27303
128.421 0.090571 0.0905049 0.090471 0.0903234 0.0903025 0.0904375 0.0903025 0.278539
128.642 0.0903025 0.090235 0.0902003 0.0900494 0.0900281 0.090166 0.0900281 0.284143
128.863 0.0900281 0.0899852 0.0899634 0.0898683 0.0898549 0.0899418 0.0898549 0.287666
129 0.0898549 0.0897913 0.0897587 0.0896167 0.0895967 0.0897264 0.0895966 0.292899
129.201 0.0895966 0.0895279 0.0894927 0.0893393 0.0893176 0.0894578 0.0893176 0.298524
129.414 0.0893176 0.0892474 0.0892114 0.0890547 0.0890326 0.0891758 0.0890326 0.30424
129.626 0.0890326 0.0889609 0.0889242 0.0887642 0.0887416 0.0888878 0.0887416 0.310045
129.839 0.0887416 0.0886861 0.0886578 0.0885344 0.088517 0.0886297 0.088517 0.314504
130 0.088517 0.0884475 0.0884119 0.0882569 0.0882351 0.0883767 0.088235 0.320077
130.199 0.088235 0.0881621 0.0881248 0.0879622 0.0879393 0.0880878 0.0879392 0.325891
130.403 0.0879392 0.0878648 0.0878267 0.0876608 0.0876374 0.087789 0.0876374 0.33179
130.607 0.0876374 0.0875615 0.0875226 0.0873533 0.0873295 0.0874842 0.0873294 0.337776
130.812 0.0873294 0.0872581 0.0872216 0.0870628 0.0870404 0.0871855 0.0870403 0.343363
131 0.0870403 0.0869645 0.0869257 0.0867567 0.0867329 0.0868873 0.0867328 0.349272
131.196 0.0867328 0.0866555 0.0866159 0.0864436 0.0864193 0.0865768 0.0864193 0.355261
131.393 0.0864193 0.0863405 0.0863001 0.0861245 0.0860997 0.0862602 0.0860996 0.361331
131.589 0.0860996 0.0860193 0.0859782 0.0857991 0.0857738 0.0859375 0.0857738 0.367481
131.786 0.0857738 0.0856918 0.0856499 0.0854673 0.0854416 0.0856084 0.0854415 0.373712
131.982 0.0854415 0.0854338 0.08543 0.0854131 0.0854107 0.0854261 0.0854107 0.374288
132 0.0854107 0.0853722 0.0853527 0.0852677 0.0852557 0.0853334 0.0852557 0.377179
132.09 0.0852557 0.0851842 0.0851477 0.0849888 0.0849664 0.0851116 0.0849663 0.382554
132.256 0.0849663 0.0848863 0.0848454 0.0846672 0.0846421 0.0848049 0.0846421 0.388541
132.44 0.0846421 0.0845606 0.0845189 0.0843375 0.084312 0.0844777 0.0843119 0.394599
132.623 0.0843119 0.0842289 0.0841865 0.0840018 0.0839758 0.0841446 0.0839757 0.400726
132.806 0.0839757 0.0838913 0.0838481 0.08366 0.0836335 0.0838054 0.0836335 0.406923
132.989 0.0836335 0.0836282 0.0836256 0.0836141 0.0836125 0.083623 0.0836125 0.407301
133 0.0836125 0.0835863 0.0835732 0.0835155 0.0835074 0.08356 0.0835074 0.409195
133.056 0.0835074 0.0834377 0.0834022 0.0832475 0.0832257 0.083367 0.0832257 0.414252
133.203 0.0832257 0.0831429 0.0831006 0.0829165 0.0828905 0.0830588 0.0828904 0.420232
133.375 0.0828904 0.0828046 0.0827607 0.0825697 0.0825428 0.0827173 0.0825427 0.426394
133.551 0.0825427 0.0824553 0.0824107 0.0822163 0.0821889 0.0823665 0.0821888 0.43262
133.727 0.0821888 0.0820999 0.0820546 0.0818568 0.0818289 0.0820096 0.0818288 0.438909
133.903 0.0818288 0.0817791 0.0817539 0.081644 0.0816285 0.0817289 0.0816285 0.442389
134 0.0816285 0.081548 0.0815069 0.081328 0.0813028 0.0814662 0.0813027 0.448018
134.155 0.0813027 0.0812147 0.0811698 0.0809741 0.0809466 0.0811253 0.0809465 0.45413
134.322 0.0809465 0.080857 0.0808114 0.0806125 0.0805845 0.0807662 0.0805844 0.460298
134.489 0.0805844 0.0804934 0.0804471 0.0802449 0.0802164 0.0804011 0.0802163 0.466522
134.656 0.0802163 0.0801238 0.0800767 0.0798711 0.0798422 0.0800299 0.0798421 0.4728
134.823 0.0798421 0.0797481 0.0797002 0.0794912 0.0794618 0.0796526 0.0794617 0.479132
134.99 0.0794617 0.0794562 0.0794534 0.0794413 0.0794396 0.0794506 0.0794396 0.479499
135 0.0794396 0.079412 0.0793981 0.0793373 0.0793287 0.0793842 0.0793287 0.481334
135.048 0.0793287 0.0792531 0.0792147 0.079047 0.0790234 0.0791765 0.0790233 0.486368
135.18 0.0790233 0.0789331 0.0788872 0.078687 0.0786588 0.0788417 0.0786587 0.492335
135.334 0.0786587 0.0785653 0.0785177 0.0783102 0.078281 0.0784705 0.0782809 0.498471
135.492 0.0782809 0.078186 0.0781377 0.077927 0.0778973 0.0780898 0.0778972 0.504652
135.65 0.0778972 0.0778009 0.0777518 0.0775378 0.0775076 0.0777031 0.0775075 0.510879
135.808 0.0775075 0.0774096 0.0773598 0.0771424 0.0771118 0.0773104 0.0771117 0.51715
135.965 0.0771117 0.0770899 0.077079 0.0770311 0.0770244 0.0770681 0.0770244 0.518527
136 0.0770244 0.0769495 0.0769116 0.0767459 0.0767226 0.0768739 0.0767226 0.523265
136.118 0.0767226 0.07663 0.076583 0.0763776 0.0763487 0.0765362 0.0763486 0.529093
136.263 0.0763486 0.0762522 0.0762031 0.0759892 0.0759591 0.0761545 0.075959 0.535115
136.412 0.075959 0.0758611 0.0758114 0.0755942 0.0755637 0.075762 0.0755636 0.541174
136.56 0.0755636 0.0754643 0.0754138 0.0751935 0.0751625 0.0753637 0.0751624 0.547269
136.709 0.0751624 0.0750616 0.0750104 0.0747868 0.0747553 0.0749595 0.0747552 0.553399
136.857 0.0747552 0.0746571 0.0746073 0.0743898 0.0743592 0.0745578 0.0743591 0.559311
137 0.0743591 0.0742596 0.0742091 0.0739885 0.0739574 0.0741589 0.0739573 0.565254
137.143 0.0739573 0.0738564 0.0738052 0.0735815 0.07355 0.0737543 0.0735499 0.571228
137.285 0.0735499 0.0734476 0.0733956 0.0731687 0.0731368 0.073344 0.0731366 0.57723
137.428 0.0731366 0.0730329 0.0729802 0.07275 0.0727177 0.0729278 0.0727176 0.583262
137.57 0.0727176 0.0726123 0.0725589 0.0723255 0.0722926 0.0725057 0.0722925 0.58932
137.713 0.0722925 0.0721858 0.0721315 0.0718948 0.0718615 0.0720777 0.0718614 0.595406
137.855 0.0718614 0.0717531 0.0716982 0.0714581 0.0714243 0.0716435 0.0714242 0.601517
137.998 0.0714242 0.0714224 0.0714215 0.0714176 0.0714171 0.0714206 0.0714171 0.601616
138 0.0714171 0.0714082 0.0714037 0.0713842 0.0713814 0.0713992 0.0713814 0.602111
138.012 0.0713814 0.0713369 0.0713145 0.0712165 0.0712027 0.0712922 0.0712027 0.604589
138.069 0.0712027 0.0711142 0.0710695 0.0708737 0.0708462 0.0710249 0.0708461 0.609502
138.183 0.0708461 0.0707464 0.0706959 0.0704751 0.070444 0.0706456 0.0704439 0.614995
138.31 0.0704439 0.070343 0.0702918 0.0700682 0.0700367 0.0702409 0.0700366 0.620506
138.437 0.0700366 0.0699344 0.0698826 0.0696561 0.0696243 0.069831 0.0696242 0.626034
138.564 0.0696242 0.0695206 0.0694681 0.0692388 0.0692065 0.0694159 0.0692064 0.631578
138.691 0.0692064 0.0691016 0.0690484 0.0688162 0.0687835 0.0689956 0.0687834 0.637137
138.818 0.0687834 0.0686772 0.0686234 0.0683882 0.0683551 0.0685698 0.068355 0.64271
138.945 0.068355 0.0683085 0.0682851 0.0681827 0.0681683 0.0682617 0.0681682 0.645121
139 0.0681682 0.0680784 0.068033 0.0678345 0.0678065 0.0679878 0.0678065 0.649762
139.105 0.0678065 0.067706 0.0676552 0.0674329 0.0674016 0.0676046 0.0674015 0.65491
139.222 0.0674015 0.0672999 0.0672484 0.0670235 0.0669919 0.0671972 0.0669918 0.660067
139.339 0.0669918 0.0668889 0.0668369 0.0666093 0.0665773 0.0667851 0.0665772 0.665233
139.456 0.0665772 0.0664732 0.0664205 0.0661903 0.0661579 0.0663681 0.0661578 0.670407
139.572 0.0661578 0.0660525 0.0659993 0.0657663 0.0657336 0.0659462 0.0657335 0.675587
139.689 0.0657335 0.065627 0.065573 0.0653374 0.0653042 0.0655194 0.0653041 0.680774
139.806 0.0653041 0.0651964 0.0651418 0.0649034 0.0648699 0.0650875 0.0648697 0.685966
139.923 0.0648697 0.0647973 0.0647608 0.0646011 0.0645787 0.0647245 0.0645787 0.689414
140 0.0645787 0.0644826 0.064434 0.0642217 0.0641919 0.0643857 0.0641918 0.693957
140.102 0.0641918 0.0640911 0.0640402 0.0638175 0.0637862 0.0639895 0.0637861 0.698675
140.208 0.0637861 0.0636843 0.0636328 0.0634078 0.0633761 0.0635816 0.063376 0.703395
140.314 0.063376 0.0632731 0.0632211 0.0629936 0.0629617 0.0631693 0.0629616 0.708115
140.42 0.0629616 0.0628576 0.062805 0.0625751 0.0625428 0.0627526 0.0625426 0.712836
140.526 0.0625426 0.0624375 0.0623844 0.062152 0.0621193 0.0623315 0.0621192 0.717556
140.631 0.0621192 0.062013 0.0619593 0.0617244 0.0616914 0.0619058 0.0616913 0.722275
140.737 0.0616913 0.0615839 0.0615296 0.0612922 0.0612588 0.0614755 0.0612587 0.726992
140.843 0.0612587 0.0611502 0.0610953 0.0608553 0.0608216 0.0610406 0.0608215 0.731706
140.949 0.0608215 0.0607687 0.0607422 0.060626 0.0606096 0.0607157 0.0606096 0.733971
141 0.0606096 0.0605201 0.0604749 0.0602773 0.0602495 0.0604299 0.0602494 0.737792
141.086 0.0602494 0.0601516 0.0601023 0.0598862 0.0598559 0.0600531 0.0598558 0.741928
141.179 0.0598558 0.059757 0.0597072 0.0594891 0.0594585 0.0596575 0.0594584 0.746059
141.272 0.0594584 0.0593587 0.0593084 0.0590882 0.0590573 0.0592583 0.0590572 0.750185
141.365 0.0590572 0.0589566 0.0589058 0.0586835 0.0586523 0.0588552 0.0586522 0.754306
141.458 0.0586522 0.0585506 0.0584994 0.058275 0.0582435 0.0584483 0.0582434 0.758421
141.551 0.0582434 0.0581408 0.058089 0.0578626 0.0578307 0.0580375 0.0578306 0.762529
141.644 0.0578306 0.0577271 0.0576748 0.0574462 0.057414 0.0576227 0.0574139 0.766629
141.737 0.0574139 0.0573094 0.0572567 0.0570258 0.0569934 0.0572041 0.0569933 0.770722
141.831 0.0569933 0.0568877 0.0568345 0.0566014 0.0565687 0.0567814 0.0565686 0.774806
141.924 0.0565686 0.0564811 0.0564371 0.0562442 0.0562171 0.0563931 0.056217 0.77815
142 0.056217 0.056122 0.056074 0.0558643 0.0558348 0.0560263 0.0558347 0.781751
142.082 0.0558347 0.0557389 0.0556905 0.055479 0.0554492 0.0556423 0.0554492 0.785343
142.165 0.0554492 0.0553525 0.0553037 0.0550904 0.0550604 0.0552551 0.0550603 0.788926
142.247 0.0550603 0.0549628 0.0549137 0.0546985 0.0546683 0.0548647 0.0546682 0.792501
142.33 0.0546682 0.0545699 0.0545203 0.0543033 0.0542728 0.0544709 0.0542727 0.796065
142.412 0.0542727 0.0541736 0.0541236 0.0539047 0.053874 0.0540737 0.0538739 0.79962
142.494 0.0538739 0.0537739 0.0537235 0.0535028 0.0534718 0.0536732 0.0534717 0.803164
142.577 0.0534717 0.0533708 0.0533199 0.0530974 0.0530661 0.0532692 0.053066 0.806697
142.659 0.053066 0.0529643 0.052913 0.0526885 0.052657 0.0528618 0.0526569 0.810218
142.742 0.0526569 0.0525542 0.0525025 0.0522761 0.0522443 0.052451 0.0522442 0.813727
142.824 0.0522442 0.0521407 0.0520886 0.0518602 0.0518282 0.0520366 0.0518281 0.817223
142.906 0.0518281 0.0517237 0.0516711 0.0514408 0.0514084 0.0516186 0.0514083 0.820706
142.989 0.0514083 0.0513939 0.0513867 0.051355 0.0513505 0.0513795 0.0513505 0.821182
143 0.0513505 0.051283 0.0512491 0.0511005 0.0510796 0.0512152 0.0510796 0.823404
143.053 0.0510796 0.0509922 0.0509483 0.0507558 0.0507288 0.0509044 0.0507287 0.826255
143.121 0.0507287 0.0506378 0.050592 0.0503915 0.0503633 0.0505463 0.0503632 0.829192
143.191 0.0503632 0.0502716 0.0502255 0.0500235 0.0499951 0.0501795 0.0499951 0.832119
143.261 0.0499951 0.0499028 0.0498563 0.0496528 0.0496243 0.0498099 0.0496242 0.835034
143.331 0.0496242 0.0495312 0.0494844 0.0492795 0.0492507 0.0494377 0.0492506 0.837938
143.402 0.0492506 0.0491569 0.0491098 0.0489034 0.0488744 0.0490628 0.0488743 0.84083
143.472 0.0488743 0.0487799 0.0487324 0.0485245 0.0484953 0.0486851 0.0484952 0.843709
143.542 0.0484952 0.0484002 0.0483523 0.0481428 0.0481134 0.0483046 0.0481133 0.846575
143.612 0.0481133 0.0480176 0.0479694 0.0477584 0.0477287 0.0479213 0.0477286 0.849429
143.682 0.0477286 0.0476322 0.0475837 0.0473711 0.0473412 0.0475352 0.0473411 0.852269
143.753 0.0473411 0.047244 0.0471951 0.0469809 0.0469509 0.0471463 0.0469508 0.855095
143.823 0.0469508 0.0468529 0.0468036 0.0465879 0.0465576 0.0467545 0.0465575 0.857906
143.893 0.0465575 0.0464589 0.0464093 0.046192 0.0461615 0.0463598 0.0461614 0.860704
143.963 0.0461614 0.0461094 0.0460832 0.0459688 0.0459528 0.0460572 0.0459528 0.862163
144 0.0459528 0.0458734 0.0458335 0.0456588 0.0456342 0.0457937 0.0456342 0.864372
144.056 0.0456342 0.0455492 0.0455065 0.0453194 0.0452931 0.0454639 0.0452931 0.866712
144.115 0.0452931 0.0452076 0.0451646 0.0449763 0.0449499 0.0451217 0.0449498 0.869041
144.175 0.0449498 0.0448638 0.0448206 0.0446311 0.0446045 0.0447774 0.0446045 0.871358
144.234 0.0446045 0.0445179 0.0444744 0.0442837 0.044257 0.0444309 0.0442569 0.873663
144.294 0.0442569 0.0441698 0.044126 0.0439342 0.0439072 0.0440823 0.0439072 0.875957
144.353 0.0439072 0.0438195 0.0437755 0.0435824 0.0435553 0.0437315 0.0435553 0.878238
144.413 0.0435553 0.0434671 0.0434227 0.0432285 0.0432012 0.0433785 0.0432011 0.880506
144.472 0.0432011 0.0431124 0.0430678 0.0428723 0.0428448 0.0430232 0.0428448 0.882762
144.532 0.0428448 0.0427555 0.0427106 0.0425139 0.0424863 0.0426657 0.0424862 0.885005
144.591 0.0424862 0.0423963 0.0423511 0.0421532 0.0421254 0.042306 0.0421253 0.887234
144.651 0.0421253 0.0420349 0.0419894 0.0417903 0.0417623 0.0419441 0.0417622 0.88945
144.71 0.0417622 0.0416712 0.0416255 0.0414251 0.0413969 0.0415798 0.0413968 0.891652
144.77 0.0413968 0.0413053 0.0412592 0.0410576 0.0410292 0.0412133 0.0410292 0.893841
144.829 0.0410292 0.040937 0.0408907 0.0406877 0.0406592 0.0408444 0.0406591 0.0409481 0.0409074 0.040729 0.0407039 0.0408667 0.0407039 0.895753
144.881 0.0407039 0.0406223 0.0405814 0.040402 0.0403768 0.0405405 0.0403768 0.897655
144.934 0.0403768 0.0402948 0.0402536 0.0400732 0.0400479 0.0402125 0.0400478 0.899545
144.986 0.0400478 0.0400256 0.0400145 0.0399658 0.0399589 0.0400034 0.0399589 0.900052
145 0.0399589 0.0398952 0.0398632 0.039723 0.0397033 0.0398312 0.0397033 0.901501
145.04 0.0397033 0.0396274 0.0395893 0.0394223 0.0393989 0.0395512 0.0393989 0.90321
145.088 0.0393989 0.039321 0.039282 0.0391107 0.0390867 0.0392429 0.0390866 0.904943
145.137 0.0390866 0.0390084 0.0389692 0.038797 0.0387729 0.0389299 0.0387728 0.906666
145.186 0.0387728 0.0386942 0.0386547 0.0384817 0.0384574 0.0386153 0.0384574 0.908378
145.235 0.0384574 0.0383784 0.0383387 0.0381648 0.0381404 0.038299 0.0381403 0.910079
145.284 0.0381403 0.0380609 0.038021 0.0378462 0.0378216 0.0379811 0.0378216 0.911769
145.333 0.0378216 0.0377417 0.0377016 0.0375259 0.0375013 0.0376616 0.0375012 0.913448
145.381 0.0375012 0.0374209 0.0373806 0.037204 0.0371792 0.0373404 0.0371792 0.915116
145.43 0.0371792 0.0370985 0.037058 0.0368805 0.0368555 0.0370175 0.0368555 0.916772
145.479 0.0368555 0.0367744 0.0367337 0.0365552 0.0365302 0.036693 0.0365301 0.918417
145.528 0.0365301 0.0364486 0.0364077 0.0362283 0.0362031 0.0363668 0.036203 0.92005
145.577 0.036203 0.0361211 0.03608 0.0358997 0.0358743 0.0360389 0.0358743 0.921672
145.626 0.0358743 0.0357919 0.0357506 0.0355693 0.0355439 0.0357093 0.0355438 0.923281
145.675 0.0355438 0.035461 0.0354195 0.0352373 0.0352117 0.0353779 0.0352117 0.924878
145.723 0.0352117 0.0351284 0.0350866 0.0349035 0.0348778 0.0350449 0.0348778 0.0351388 0.0351022 0.034942 0.0349195 0.0350657 0.0349194 0.926266
145.766 0.0349194 0.0348462 0.0348095 0.0346485 0.0346259 0.0347728 0.0346259 0.927645
145.809 0.0346259 0.0345524 0.0345155 0.0343538 0.0343311 0.0344786 0.034331 0.929014
145.852 0.034331 0.0342571 0.0342201 0.0340576 0.0340348 0.0341831 0.0340348 0.930373
145.894 0.0340348 0.0339606 0.0339234 0.0337602 0.0337373 0.0338862 0.0337372 0.931722
145.937 0.0337372 0.0336627 0.0336253 0.0334614 0.0334384 0.0335879 0.0334383 0.933062
145.98 0.0334383 0.0334033 0.0333857 0.0333087 0.0332979 0.0333682 0.0332979 0.933685
146 0.0332979 0.0332361 0.0332051 0.0330693 0.0330502 0.0331742 0.0330502 0.934777
146.035 0.0330502 0.0329825 0.0329486 0.0327997 0.0327788 0.0329146 0.0327788 0.935961
146.074 0.0327788 0.0327108 0.0326767 0.0325273 0.0325063 0.0326427 0.0325063 0.937136
146.112 0.0325063 0.032438 0.0324038 0.0322538 0.0322327 0.0323696 0.0322327 0.938303
146.151 0.0322327 0.0321642 0.0321298 0.0319791 0.031958 0.0320954 0.0319579 0.939461
146.189 0.0319579 0.0318891 0.0318546 0.0317034 0.0316821 0.0318202 0.0316821 0.940611
146.227 0.0316821 0.031613 0.0315784 0.0314265 0.0314052 0.0315437 0.0314051 0.941752
146.266 0.0314051 0.0313358 0.031301 0.0311485 0.0311271 0.0312662 0.031127 0.942885
146.304 0.031127 0.0310574 0.0310225 0.0308694 0.0308479 0.0309876 0.0308478 0.944009
146.343 0.0308478 0.0307779 0.0307428 0.0305891 0.0305675 0.0307078 0.0305675 0.945124
146.381 0.0305675 0.0304973 0.030462 0.0303077 0.030286 0.0304269 0.030286 0.94623
146.42 0.030286 0.0302155 0.0301801 0.0300252 0.0300034 0.0301448 0.0300034 0.947327
146.458 0.0300034 0.0299326 0.0298971 0.0297415 0.0297196 0.0298616 0.0297196 0.948415
146.497 0.0297196 0.0296485 0.0296129 0.0294566 0.0294347 0.0295773 0.0294347 0.949494
146.535 0.0294347 0.0293633 0.0293275 0.0291707 0.0291486 0.0292918 0.0291486 0.950564
146.573 0.0291486 0.0290769 0.029041 0.0288835 0.0288614 0.0290051 0.0288613 0.951625
146.612 0.0288613 0.0287894 0.0287533 0.0285952 0.028573 0.0287173 0.028573 0.0287986 0.0287671 0.0286291 0.0286097 0.0287356 0.0286097 0.952543
146.645 0.0286097 0.0285466 0.0285151 0.0283766 0.0283571 0.0284835 0.0283571 0.953454
146.679 0.0283571 0.0282939 0.0282621 0.0281232 0.0281037 0.0282305 0.0281036 0.954357
146.713 0.0281036 0.0280402 0.0280084 0.0278689 0.0278493 0.0279766 0.0278493 0.955254
146.746 0.0278493 0.0277856 0.0277537 0.0276137 0.0275941 0.0277218 0.027594 0.956143
146.78 0.027594 0.0275301 0.0274981 0.0273576 0.0273379 0.0274661 0.0273379 0.957025
146.813 0.0273379 0.0272738 0.0272416 0.0271007 0.0270809 0.0272095 0.0270808 0.957899
146.847 0.0270808 0.0270165 0.0269842 0.0268428 0.0268229 0.026952 0.0268229 0.958766
146.88 0.0268229 0.0267583 0.0267259 0.026584 0.0265641 0.0266936 0.026564 0.959625
146.914 0.026564 0.0264992 0.0264667 0.0263243 0.0263043 0.0264343 0.0263043 0.960477
146.947 0.0263043 0.0262393 0.0262066 0.0260637 0.0260437 0.0261741 0.0260436 0.961321
146.981 0.0260436 0.0260067 0.0259882 0.0259071 0.0258958 0.0259697 0.0258958 0.961795
147 0.0258958 0.0258426 0.025816 0.0256994 0.025683 0.0257894 0.025683 0.962471
147.027 0.025683 0.0256268 0.0255987 0.0254753 0.025458 0.0255706 0.025458 0.963178
147.056 0.025458 0.0254016 0.0253734 0.0252497 0.0252323 0.0253452 0.0252323 0.96388
147.085 0.0252323 0.0251758 0.0251475 0.0250234 0.025006 0.0251192 0.0250059 0.964576
147.113 0.0250059 0.0249493 0.0249209 0.0247964 0.0247789 0.0248925 0.0247789 0.965266
147.142 0.0247789 0.0247221 0.0246936 0.0245688 0.0245512 0.0246651 0.0245512 0.965951
147.171 0.0245512 0.0244942 0.0244656 0.0243404 0.0243228 0.0244371 0.0243228 0.966629
147.2 0.0243228 0.0242656 0.024237 0.0241114 0.0240938 0.0242084 0.0240938 0.967302
147.228 0.0240938 0.0240364 0.0240077 0.0238817 0.0238641 0.023979 0.023864 0.967969
147.257 0.023864 0.0238065 0.0237777 0.0236514 0.0236336 0.0237489 0.0236336 0.96863
147.286 0.0236336 0.0235759 0.023547 0.0234203 0.0234025 0.0235181 0.0234025 0.969285
147.315 0.0234025 0.0233446 0.0233157 0.0231886 0.0231708 0.0232867 0.0231707 0.969933
147.343 0.0231707 0.0231127 0.0230836 0.0229562 0.0229383 0.0230546 0.0229382 0.970576
147.372 0.0229382 0.0228801 0.0228509 0.0227231 0.0227051 0.0228217 0.0227051 0.971213
147.401 0.0227051 0.0226467 0.0226175 0.0224893 0.0224713 0.0225883 0.0224713 0.971844
147.43 0.0224713 0.0224127 0.0223834 0.0222548 0.0222368 0.0223541 0.0222367 0.0224197 0.0223939 0.0222808 0.0222649 0.0223681 0.0222649 0.972393
147.455 0.0222649 0.0222133 0.0221874 0.022074 0.0220581 0.0221615 0.022058 0.972939
147.48 0.022058 0.0220063 0.0219803 0.0218666 0.0218507 0.0219544 0.0218506 0.973479
147.505 0.0218506 0.0217987 0.0217727 0.0216587 0.0216427 0.0217467 0.0216427 0.974014
147.531 0.0216427 0.0215906 0.0215646 0.0214503 0.0214342 0.0215385 0.0214342 0.974545
147.556 0.0214342 0.021382 0.0213559 0.0212413 0.0212252 0.0213298 0.0212252 0.975071
147.581 0.0212252 0.0211729 0.0211467 0.0210318 0.0210157 0.0211205 0.0210156 0.975592
147.607 0.0210156 0.0209632 0.0209369 0.0208218 0.0208056 0.0209107 0.0208056 0.976108
147.632 0.0208056 0.020753 0.0207266 0.0206112 0.020595 0.0207003 0.0205949 0.976619
147.657 0.0205949 0.0205422 0.0205158 0.0204001 0.0203838 0.0204894 0.0203838 0.977125
147.682 0.0203838 0.0203309 0.0203045 0.0201884 0.0201721 0.020278 0.0201721 0.977626
147.708 0.0201721 0.0201191 0.0200926 0.0199762 0.0199599 0.020066 0.0199599 0.978122
147.733 0.0199599 0.0199067 0.0198801 0.0197635 0.0197471 0.0198535 0.0197471 0.0199131 0.0198897 0.019787 0.0197726 0.0198663 0.0197726 0.978555
147.755 0.0197726 0.0197257 0.0197023 0.0195994 0.0195849 0.0196788 0.0195849 0.978984
147.778 0.0195849 0.0195379 0.0195144 0.0194113 0.0193968 0.0194909 0.0193968 0.979409
147.8 0.0193968 0.0193497 0.0193262 0.0192228 0.0192083 0.0193026 0.0192083 0.97983
147.822 0.0192083 0.0191611 0.0191375 0.0190339 0.0190194 0.0191139 0.0190193 0.980247
147.844 0.0190193 0.0189721 0.0189484 0.0188446 0.01883 0.0189247 0.01883 0.98066
147.867 0.01883 0.0187826 0.0187589 0.0186548 0.0186402 0.0187351 0.0186402 0.981069
147.889 0.0186402 0.0185927 0.0185689 0.0184647 0.0184501 0.0185452 0.01845 0.981474
147.911 0.01845 0.0184024 0.0183786 0.0182741 0.0182594 0.0183548 0.0182594 0.981875
147.933 0.0182594 0.0182117 0.0181878 0.0180831 0.0180684 0.0181639 0.0180684 0.982272
147.956 0.0180684 0.0180206 0.0179966 0.0178917 0.017877 0.0179727 0.0178769 0.982665
147.978 0.0178769 0.0178293 0.0178055 0.017701 0.0176864 0.0177817 0.0176863 0.983051
148 0.0176863 0.0176386 0.0176147 0.01751 0.0174953 0.0175909 0.0174953 0.983434
148.022 0.0174953 0.0174475 0.0174236 0.0173186 0.0173039 0.0173996 0.0173039 0.0174534 0.0174324 0.0173404 0.0173275 0.0174114 0.0173275 0.983766
148.042 0.0173275 0.0172855 0.0172644 0.0171723 0.0171593 0.0172434 0.0171593 0.984095
148.061 0.0171593 0.0171172 0.0170962 0.0170038 0.0169908 0.0170751 0.0169908 0.984421
148.08 0.0169908 0.0169487 0.0169276 0.016835 0.0168221 0.0169065 0.016822 0.984744
148.1 0.016822 0.0167798 0.0167586 0.0166659 0.0166529 0.0167375 0.0166529 0.985063
148.119 0.0166529 0.0166106 0.0165894 0.0164965 0.0164835 0.0165682 0.0164835 0.98538
148.138 0.0164835 0.0164411 0.0164199 0.0163268 0.0163138 0.0163986 0.0163137 0.985693
148.158 0.0163137 0.0162713 0.01625 0.0161568 0.0161437 0.0162287 0.0161437 0.986004
148.177 0.0161437 0.0161011 0.0160798 0.0159864 0.0159733 0.0160585 0.0159733 0.986311
148.197 0.0159733 0.0159306 0.0159093 0.0158157 0.0158026 0.015888 0.0158026 0.986615
148.216 0.0158026 0.0157599 0.0157385 0.0156447 0.0156316 0.0157171 0.0156316 0.986915
148.235 0.0156316 0.0155888 0.0155673 0.0154734 0.0154603 0.0155459 0.0154602 0.987213
148.255 0.0154602 0.0154174 0.0153959 0.0153018 0.0152886 0.0153744 0.0152886 0.0154224 0.0154035 0.0153206 0.015309 0.0153846 0.0153089 0.987473
148.272 0.0153089 0.0152711 0.0152521 0.0151691 0.0151574 0.0152332 0.0151574 0.98773
148.289 0.0151574 0.0151195 0.0151005 0.0150173 0.0150056 0.0150815 0.0150056 0.987984
148.306 0.0150056 0.0149676 0.0149486 0.0148653 0.0148536 0.0149296 0.0148536 0.988236
148.323 0.0148536 0.0148155 0.0147965 0.014713 0.0147013 0.0147775 0.0147013 0.988486
148.34 0.0147013 0.0146632 0.0146441 0.0145605 0.0145488 0.0146251 0.0145488 0.988733
148.357 0.0145488 0.0145106 0.0144915 0.0144078 0.014396 0.0144724 0.014396 0.988978
148.374 0.014396 0.0143578 0.0143387 0.0142548 0.014243 0.0143195 0.014243 0.98922
148.392 0.014243 0.0142047 0.0141856 0.0141016 0.0140898 0.0141664 0.0140898 0.98946
148.409 0.0140898 0.0140514 0.0140322 0.0139481 0.0139363 0.014013 0.0139363 0.989697
148.426 0.0139363 0.0138979 0.0138786 0.0137944 0.0137825 0.0138594 0.0137825 0.989931
148.443 0.0137825 0.0137441 0.0137248 0.0136404 0.0136286 0.0137055 0.0136285 0.990163
148.46 0.0136285 0.01359 0.0135707 0.0134862 0.0134743 0.0135514 0.0134743 0.0135946 0.0135776 0.013503 0.0134926 0.0135606 0.0134926 0.990365
148.475 0.0134926 0.0134585 0.0134415 0.0133669 0.0133564 0.0134245 0.0133564 0.990566
148.49 0.0133564 0.0133223 0.0133053 0.0132305 0.0132201 0.0132882 0.01322 0.990764
148.505 0.01322 0.0131859 0.0131689 0.013094 0.0130835 0.0131518 0.0130835 0.990961
148.52 0.0130835 0.0130494 0.0130323 0.0129573 0.0129468 0.0130152 0.0129468 0.991155
148.535 0.0129468 0.0129126 0.0128955 0.0128204 0.0128099 0.0128783 0.0128099 0.991347
148.55 0.0128099 0.0127756 0.0127585 0.0126833 0.0126728 0.0127413 0.0126728 0.991538
148.565 0.0126728 0.0126385 0.0126213 0.012546 0.0125355 0.0126041 0.0125355 0.991726
148.58 0.0125355 0.0125011 0.0124839 0.0124086 0.012398 0.0124668 0.012398 0.991912
148.596 0.012398 0.0123636 0.0123464 0.0122709 0.0122603 0.0123292 0.0122603 0.992097
148.611 0.0122603 0.0122259 0.0122087 0.0121331 0.0121225 0.0121914 0.0121225 0.992279
148.626 0.0121225 0.012088 0.0120707 0.0119951 0.0119845 0.0120535 0.0119844 0.992459
148.641 0.0119844 0.0119499 0.0119326 0.0118569 0.0118462 0.0119153 0.0118462 0.011954 0.0119387 0.0118719 0.0118626 0.0119235 0.0118626 0.992617
148.654 0.0118626 0.0118321 0.0118168 0.0117499 0.0117406 0.0118016 0.0117405 0.992772
148.667 0.0117405 0.01171 0.0116947 0.0116278 0.0116184 0.0116795 0.0116184 0.992926
148.681 0.0116184 0.0115878 0.0115725 0.0115055 0.0114961 0.0115572 0.0114961 0.993079
148.694 0.0114961 0.0114655 0.0114502 0.011383 0.0113736 0.0114349 0.0113736 0.99323
148.707 0.0113736 0.011343 0.0113277 0.0112605 0.011251 0.0113123 0.011251 0.993379
148.721 0.011251 0.0112204 0.011205 0.0111377 0.0111283 0.0111897 0.0111283 0.993527
148.734 0.0111283 0.0110976 0.0110822 0.0110149 0.0110054 0.0110669 0.0110054 0.993673
148.747 0.0110054 0.0109747 0.0109593 0.0108919 0.0108824 0.0109439 0.0108824 0.993818
148.76 0.0108824 0.0108516 0.0108362 0.0107687 0.0107592 0.0108208 0.0107592 0.99396
148.774 0.0107592 0.0107284 0.010713 0.0106454 0.0106359 0.0106976 0.0106359 0.994102
148.787 0.0106359 0.0106051 0.0105896 0.010522 0.0105125 0.0105742 0.0105124 0.994241
148.8 0.0105124 0.0104816 0.0104661 0.0103984 0.0103889 0.0104507 0.0103888 0.0104852 0.0104716 0.0104119 0.0104035 0.010458 0.0104035 0.994363
148.812 0.0104035 0.0103762 0.0103626 0.0103028 0.0102944 0.010349 0.0102944 0.994484
148.824 0.0102944 0.0102671 0.0102535 0.0101936 0.0101852 0.0102398 0.0101852 0.994603
148.835 0.0101852 0.0101579 0.0101443 0.0100844 0.010076 0.0101306 0.0100759 0.994721
148.847 0.0100759 0.0100486 0.0100349 0.00997496 0.00996655 0.0100212 0.00996654 0.994838
148.859 0.00996654 0.00993917 0.00992548 0.00986546 0.00985704 0.00991179 0.00985703 0.994954
148.871 0.00985703 0.00982964 0.00981593 0.00975585 0.00974742 0.00980223 0.00974741 0.995068
148.882 0.00974741 0.00971999 0.00970627 0.00964613 0.0096377 0.00969255 0.00963768 0.995181
148.894 0.00963768 0.00961024 0.0095965 0.0095363 0.00952786 0.00958277 0.00952784 0.995293
148.906 0.00952784 0.00950037 0.00948663 0.00942637 0.00941792 0.00947288 0.0094179 0.995403
148.917 0.0094179 0.0093904 0.00937664 0.00931632 0.00930786 0.00936288 0.00930785 0.995512
148.929 0.00930785 0.00928032 0.00926655 0.00920617 0.0091977 0.00925277 0.00919768 0.99562
148.941 0.00919768 0.00917013 0.00915635 0.00909591 0.00908743 0.00914256 0.00908742 0.0091734 0.00916125 0.00910799 0.00910051 0.0091491 0.0091005 0.995714
148.951 0.0091005 0.0090762 0.00906404 0.00901073 0.00900325 0.00905188 0.00900324 0.995807
148.961 0.00900324 0.00897891 0.00896674 0.00891338 0.0089059 0.00895457 0.00890589 0.995899
148.972 0.00890589 0.00888154 0.00886936 0.00881596 0.00880847 0.00885718 0.00880845 0.995991
148.982 0.00880845 0.00878409 0.00877189 0.00871845 0.00871095 0.0087597 0.00871094 0.996081
148.992 0.00871094 0.00869318 0.00868429 0.00864534 0.00863988 0.00867541 0.00863987 0.996146
