0.2	0.	0.	0.	0.	0.
0.2025	0.006901009735498245	0.006898356960805574	0.006872228661012374	0.006644737440244045	0.005641906574480466
0.20500000000000002	0.013882205068312864	0.01387131657263288	0.013765704697512319	0.012949465455753624	0.01050741738259351
0.20750000000000002	0.020939878175715004	0.020914766783526613	0.020674945681616756	0.01900623270712262	0.01514942459527599
0.21000000000000002	0.028070028465300934	0.028024322576812432	0.02759457579704311	0.024872942394060953	0.019689297864485925
0.21250000000000002	0.035268374786503	0.03519534311167714	0.034519350027900755	0.030588596989955467	0.02417383356005225
0.21500000000000002	0.04253037081525856	0.04242295188031691	0.041444175716911835	0.03618079534942077	0.02862553694618341
0.21750000000000003	0.04985122352146927	0.049702059677639666	0.04836413139072302	0.0416698057889197	0.0330566579176297
0.22	0.057225914558385466	0.057027390111390616	0.05527448281329087	0.04707094909902926	0.037474404703038394
0.2225	0.06464922434370719	0.06439350731804287	0.062170696285715796	0.052396075238579636	0.04188323890162657
0.225	0.07211575853669182	0.07179484549543394	0.0690484492611765	0.05765452147723789	0.04628600925874688
0.2275	0.079619976556575	0.07922573981923377	0.07590363838609217	0.06285375796546343	0.050684561182125255
0.23	0.08715622173758274	0.08668045827871353	0.08273238511301825	0.06799983662261838	0.05508008648436783
0.2325	0.09471875267683881	0.09415323394920554	0.08953103905715343	0.07309771172502907	0.059473334799374916
0.23500000000000001	0.10230177530515268	0.10163829721471604	0.09629617928708732	0.07815147419296888	0.06386474697578415
0.23750000000000002	0.10989947519802593	0.10912990746430234	0.10302461375216003	0.08316452627049396	0.06825454233106082
0.24000000000000002	0.11750604964558783	0.11662238380931964	0.10971337705429716	0.08813971407461595	0.0726427775187683
0.24250000000000002	0.12511573901526588	0.1241101344041568	0.11635972677228822	0.09307942975579256	0.07702938733240175
0.245	0.132722856968876	0.13158768399878867	0.12296113854209048	0.09798569134104397	0.08141421367573948
0.2475	0.14032181913497419	0.13904969940517653	0.1295153000887306	0.1028602059215178	0.08579702658180122
0.25	0.14790716988581362	0.1464910126188355	0.13602010439460027	0.10770442022885533	0.09017753976815497
0.2525	0.15547360692383716	0.1539066413992798	0.14247364217615438	0.11251956153688258	0.09455542236261917
0.255	0.16301600344288528	0.1612918071761246	0.1488741938269102	0.11730667105250686	0.0989303078964521
0.2575	0.1705294276917591	0.16864195020915432	0.1552202209697997	0.12206663141190914	0.10330180131617728
0.26	0.17800915983012985	0.17595274198871844	0.1615103577468397	0.12680018950389485	0.1076694845374619
0.2625	0.18545070602690802	0.18322009491581828	0.16774340195916024	0.13150797555464888	0.11203292091160813
0.265	0.1928498098072838	0.19044016934800634	0.17391830615597811	0.1361905191956504	0.11639165887078282
0.2675	0.2002024607052903	0.19760937813695126	0.18003416875736053	0.14084826307769002	0.12074523494561012
0.27	0.2075049003228928	0.20472438881583443	0.1860902252827641	0.14548157447396834	0.12509317629767214
0.2725	0.21475362593360134	0.2117821236195614	0.19208583974545795	0.15009075522372367	0.12943500287297965
0.275	0.22194539179818618	0.2187797575383515	0.19802049626211213	0.15467605029736908	0.1337702292561004
0.2775	0.22907720838227	0.22571471461608053	0.20389379091707618	0.15923765520938757	0.13809836628533975
0.28	0.23614633968071197	0.2325846627094396	0.20970542391217087	0.16377572246239336	0.14241892247511168
0.28250000000000003	0.2431502988623072	0.2393875069233127	0.21545519202513916	0.16829036717197882	0.14673140528099196
0.28500000000000003	0.25008684245110696	0.2461213819326001	0.2211429813932008	0.1727816719951317	0.15103532223493984
0.28750000000000003	0.25695396325838565	0.25278464339184864	0.22676876063235873	0.17724969146355232	0.15533018197208306
0.29000000000000004	0.2637498822727851	0.25937585862234125	0.23233257429815138	0.18169445580594523	0.15961549516581824
0.2925	0.27047303970628855	0.2658937967524973	0.23783453668935767	0.18611597432940016	0.16389077538439115
0.29500000000000004	0.27712208538120553	0.2723374184722468	0.24327482599266068	0.19051423841861645	0.1681555398793549
0.2975	0.28369586862904134	0.2787058655460761	0.24865367876339567	0.19488922420243943	0.17240931031414233
0.30000000000000004	0.29019342785664515	0.2849984502132317	0.2539713847351783	0.19924089492955288	0.17665161343930796
0.3025	0.29661397991894023	0.2912146445875126	0.25922828194934366	0.20356920308886037	0.18088198171966832
0.305	0.302956909421369	0.29735407015357374	0.26442475219370576	0.2078740923048818	0.18509995391753833
0.3075	0.3092217580592758	0.30341648744189714	0.2695612167390529	0.21215549903412895	0.1893050756354356
0.31	0.3154082140861804	0.3094017859508222	0.2746381323610454	0.21641335408480275	0.1934968998209918
0.3125	0.32151610198844144	0.3153099743713207	0.27965598763466204	0.22064758397909665	0.19767498723629776
0.315	0.32754537243037657	0.3211411711586759	0.2846152994880661	0.22485811217482965	0.20183890689351758
0.3175	0.3334960925215891	0.326895595484874	0.28951661000265594	0.229044860160959	0.20598823645829692
0.32	0.33936843644709364	0.3325735585963451	0.2943604834461184	0.23320774843968659	0.21012256262225484
0.3225	0.345162676490868	0.33817545559365364	0.2991475035254699	0.23734669740630562	0.21424148144565908
0.325	0.3508791744746559	0.3437017576427922	0.3038782708473471	0.24146162813660121	0.21834459867125602
0.3275	0.35651837362615874	0.34915300462178533	0.3085534005731518	0.24555246309047477	0.22243153001011587
0.33	0.36208079088413603	0.35452979820130787	0.3131735202570614	0.24961912673947892	0.22650190140028215
0.3325	0.36756700964229644	0.3598327953538582	0.3177392678553677	0.2536615461251079	0.23055534923896764
0.335	0.37297767292913	0.36506270228262866	0.32225128989608526	0.25767965135395304	0.234591520588999
0.3375	0.378313477016921	0.3702202687584963	0.3267102397982708	0.26167337603520463	0.23861007336019807
0.34	0.3835751654500096	0.3753062828514329	0.33111677633100633	0.2656426576654259	0.24261067646637913
0.3425	0.3887635234798439	0.3803215660410319	0.3354715622025125	0.26958743796504836	0.24659300995864025
0.345	0.3938793728924163	0.38526696868969224	0.3397752627703677	0.27350766317061675	0.25055676513563324
0.34750000000000003	0.39892356721222666	0.39014336586123644	0.34402854486431805	0.2774032842864398	0.25450164463151154
0.35	0.403896987265888	0.3949516534672848	0.348232075713648	0.28127425729898203	0.25842736248226
0.35250000000000004	0.408800537087839	0.3996927447235456	0.35238652197156894	0.28512054335704207	0.2623336441711378
0.355	0.41363514015026437	0.4043675668982181	0.35649254882953507	0.28894210892050676	0.2662202266539688
0.35750000000000004	0.4184017358992442	0.4089770583349497	0.3605508192148516	0.2927389258802478	0.2700868583650405
0.36	0.423101276579254	0.4135221657331524	0.3645619930653534	0.2965109716515165	0.27393329920437837
0.36250000000000004	0.4277347243284363	0.41800384166899524	0.36852672667534875	0.3002582292430218	0.277759320507183
0.365	0.43230304852747503	0.4224230423409445	0.3724456721073975	0.3039806873036987	0.28156470499622294
0.36750000000000005	0.43680722338544375	0.4267807255243916	0.37631947666487037	0.30767834014904005	0.2853492467179919
0.37	0.4412482257465916	0.43107784872057703	0.38014878242056727	0.3113511877687182	0.28911275096343886
0.37250000000000005	0.44562703310271	0.43531536748574934	0.3839342257970125	0.31499923581711	0.29285503417409314
0.375	0.44994462179641453	0.43949423392721976	0.38767643719433925	0.3186224955882181	0.2965759238344002
0.3775	0.4542019654014185	0.4436153953537157	0.39137604066197385	0.3222209839763894	0.3002752583510898
0.38	0.4584000332665944	0.4476797930681595	0.39503365361059306	0.3257947234241234	0.30395288692039274
0.3825	0.46253978921138195	0.4516883612917218	0.3986498865610861	0.3293437418581908	0.30760866938391757
0.385	0.4666221903608118	0.4556420262086949	0.4022253429274877	0.33286807261518986	0.3112424760739894
0.3875	0.47064818610914655	0.4595417051224061	0.40576061883107095	0.3363677543575988	0.3148541876492468
0.39	0.474618717201828	0.4633883057130521	0.40925630294299575	0.33984283098131474	0.3184436949212753
0.3925	0.478534714926102	0.46718272538894395	0.4127129763531011	0.34329335151559576	0.32201089867304544
0.395	0.4823971004013287	0.4709258507232597	0.41613121246260826	0.346719370016274	0.3255557094699059
0.3975	0.4862067839606182	0.4746185569689595	0.4195115768986728	0.3501209454530373	0.32907804746386304
0.4	0.48996466461600563	0.47826170764505094	0.4228546274488748	0.3534981415915356	0.3325778421918599
0.4025	0.4936716295999516	0.48185615418789934	0.42616091401388456	0.3568510268710076	0.3360550323687471
0.405	0.497328553976471	0.4854027356617489	0.4294309785766729	0.36017967427808256	0.33950956567561413
0.40750000000000003	0.5009363003156984	0.48890227852306317	0.43266535518676463	0.36348416121736293	0.34294139854412586
0.41000000000000003	0.5044957184261596	0.4923555964337144	0.4358645699581441	0.3667645693793542	0.3463504959374888
0.4125	0.508007645139462	0.49576349011843257	0.4390291410795328	0.3700209846062666	0.3497368311286406
0.41500000000000004	0.5114729041425204	0.4991267472622938	0.4421595788358597	0.3732534967561753	0.3531003854762372
0.4175	0.5148923058528269	0.5024461424443627	0.4452563856398329	0.3764621995659915	0.3564411481989774
0.42000000000000004	0.5182666473326198	0.5057224371039155	0.44832005607261344	0.3796471905136624	0.359759116148791
0.4225	0.5215967122381467	0.5089563795359645	0.45135107693266296	0.3828085706799839	0.3630542935833753
0.42500000000000004	0.5248832708005231	0.5121487049130756	0.4543499272919221	0.38594644461038613	0.3663266919385511
0.4275	0.5281270798349709	0.5153001353307147	0.4573170785585304	0.3890609201770118	0.36957632960087405
0.43000000000000005	0.5313288827754958	0.5184113798736013	0.4602529945453746	0.3921521084413968	0.37280323168091783
0.4325	0.5344894097322974	0.5214831347007485	0.4631581315438014	0.39522012351801816	0.3760074297876125
0.43500000000000005	0.5376093775694424	0.5245160831470792	0.4660329384018896	0.3982650824389686	0.3791889618040039
0.4375	0.5406894900005353	0.5275108958396802	0.46887785660672254	0.40128710501997794	0.38234787166476786
0.44	0.5437304377003243	0.5304682308269341	0.47169332037015355	0.4042863137279957	0.38548420913579323
0.4425	0.5467328984303417	0.5333887337189119	0.47447975671759135	0.40726283355051396	0.3885980295961211
0.445	0.5496975371768708	0.5362730378375672	0.4772375855793804	0.4102167918668034	0.3916893938225068
0.4475	0.552625006299649	0.5391217643753885	0.4799672198843804	0.41314831832120974	0.3947583677768462
0.45	0.5555159456898927	0.5419355225613003	0.4826690656553886	0.4160575446986437	0.3978050223966883
0.4525	0.5583709829363275	0.5447149098327051	0.48534352210607246	0.41894460480238277	0.4008294333890336
0.455	0.5611907334980476	0.5474605120126664	0.48799098173911837	0.4218096343342852	0.4038316810275986
0.4575	0.563975800883125	0.5501729034913252	0.4906118304453178	0.4246527707775094	0.40681184995370767
0.46	0.5667267768319949	0.5528526474107246	0.49320644760334525	0.42747415328180827	0.4097700289809538
0.4625	0.5694442415047312	0.5555002958523024	0.49577520618000087	0.4302739225514673	0.4127063109037526
0.465	0.5721287636714147	0.5581163900263791	0.49831847283070957	0.4330522207359386	0.4156207923098994
0.4675	0.5747809009048721	0.5607014604630333	0.5008366080000938	0.43580919132321105	0.4185135733972186
0.47000000000000003	0.5774011997751289	0.5632560272038273	0.5033299660224471	0.4385449790359515	0.42138475779438533
0.47250000000000003	0.5799901960449969	0.5657805999938852	0.5057988952219566	0.4412597297304389	0.42423445238598023
0.47500000000000003	0.582548414866263	0.5682756784738917	0.5082437380125383	0.44395359029830916	0.4270627671418268
0.47750000000000004	0.5850763709760076	0.5707417523716155	0.5106648309971572	0.44662670857111586	0.42986981495065024
0.48000000000000004	0.5875745688926287	0.5731793016926099	0.5130625050665233	0.44927923322771063	0.4326557114580803
0.48250000000000004	0.5900435031111931	0.5755887969097785	0.5154370854970614	0.45191131370443455	0.43542057490901404
0.48500000000000004	0.5924836582977794	0.5779706991515309	0.5177888920480684	0.45452310010811176	0.43816452599434114
0.48750000000000004	0.5948955094825069	0.5803254603882836	0.520118239057974	0.4571147431318265	0.44088768770202846
0.49	0.5972795222509955	0.5826535236170937	0.5224254355396375	0.45968639397346284	0.44359018517254606
0.4925	0.5996361529340141	0.5849553230442349	0.5247107852746179	0.4622382042569803	0.44627214555861505
0.495	0.6019658487951166	0.5872312842655572	0.5269745869063619	0.4647703259563947	0.44893369788924636
0.4975	0.6042690482160872	0.5894818244444815	0.5292171340322624	0.4672829113224318	0.4515749729380326
0.5	0.6065461808800368	0.5917073524875174	0.5314387152945469	0.46977611281181464	0.4541961030956514
0.5025	0.6087976679520201	0.5939082692171928	0.5336396144699587	0.4722500830191454	0.45679722224653074
0.505	0.6110239222570566	0.5960849675423135	0.5358201105582027	0.4747049746113405	0.45937846564962315
0.5075000000000001	0.6132253484554598	0.5982378326254804	0.5379804778691302	0.4771409402645706	0.46193996982322794
0.51	0.615402343215397	0.6003672420478048	0.540120986108641	0.47955813260366276	0.4644818724338026
0.5125	0.6175552953826057	0.6024735659707784	0.5422419004632878	0.4819567041439134	0.4670043121886946
0.515	0.6196845861472278	0.6045571672952615	0.5443434816835696	0.48433680723526384	0.4695074287327229
0.5175000000000001	0.6217905892077036	0.6066184018175632	0.5464259861659014	0.48669859400878485	0.47199136254854135
0.52	0.623873670931711	0.6086576183826041	0.548489666033262	0.48904221632542216	0.4744562548607042
0.5225	0.625934190514119	0.6106751590341429	0.5505347692145064	0.4913678257269463	0.47690224754336047
0.525	0.6279725001319499	0.6126713591620794	0.552561539522351	0.49367557338905543	0.4793294830314977
0.5275000000000001	0.6299889450963406	0.6146465476468257	0.5545702167300252	0.49596561007657575	0.48173810423565344
0.53	0.6319838640015114	0.6166010470007693	0.5565610366465982	0.4982380861007075	0.48412825446001667
0.5325	0.6339575888707475	0.6185351735068376	0.5585342311909849	0.5004931512782606	0.48650007732383543
0.535	0.6359104452994113	0.6204492373541868	0.5604900284646365	0.5027309548928258	0.48885371668604755
0.5375000000000001	0.6378427525949973	0.6223435427710391	0.5624286528229262	0.5049516456578294	0.4911893165730538
0.54	0.6397548239142665	0.6242183881547015	0.5643503249452393	0.5071553716814129	0.4935070211095485
0.5425	0.6416469663974737	0.6260740661987907	0.5662552619037787	0.5093422804330918	0.4958069744523279
0.545	0.6435194812997311	0.6279108640177057	0.5681436772310987	0.5115125187121322	0.49808932072698836
0.5475000000000001	0.6453726641195315	0.6297290632683779	0.5700157809863781	0.5136662326175988	0.500354203967439
0.55	0.6472068047244763	0.6315289402693438	0.5718717798204516	0.51580356752002	0.502601768058142
0.5525	0.6490221874742411	0.6333107661171768	0.5737118770396079	0.5179246680346187	0.5048321566790022
0.5549999999999999	0.6508190913408248	0.6350748068003216	0.575536272668176	0.52002967799606	0.507045513252825
0.5575	0.6525977900261168	0.6368213233103717	0.577345163509911	0.5221187404346647	0.5092419808952653
0.56	0.6543585520768355	0.6385505717508385	0.5791387432081986	0.5241919975540383	0.5114217023671868
0.5625	0.6561016409968717	0.6402628034434519	0.580917202305095	0.5262495907100737	0.5135848200293566
0.565	0.6578273153570945	0.6419582650320412	0.5826807282992187	0.5282916603912716	0.5157314757993999
0.5675	0.6595358289026556	0.6436371985840408	0.5844295057025118	0.5303183462003408	0.5178618111109401
0.5700000000000001	0.6612274306578411	0.6452998416896653	0.5861637160958895	0.5323297868370268	0.5199759668748483
0.5725	0.6629023650285252	0.6469464275588035	0.5878835381837934	0.5343261200821294	0.5220740834425364
0.575	0.6645608719022602	0.648577185115673	0.5895891478476718	0.5363074827826632	0.5241563005712203
0.5775	0.666203186746061	0.6501923390912866	0.5912807181983977	0.5382740108381189	0.5262227573910818
0.5800000000000001	0.6678295407019266	0.6517921101137706	0.592958419627649	0.5402258391877868	0.5282735923742692
0.5825	0.6694401606801446	0.6533767147965874	0.5946224198582667	0.5421631017990977	0.530308943305663
0.585	0.6710352694504286	0.6549463658247002	0.5962728839936087	0.5440859316569481	0.5323289472553512
0.5875	0.6726150857309332	0.6565012720387318	0.5979099745659182	0.5459944607539653	0.5343337405527411
0.5900000000000001	0.6741798242751941	0.6580416385171558	0.5995338515837249	0.5478888200816804	0.5363234587622584
0.5925	0.6757296959570342	0.6595676666565689	0.6011446725782954	0.549769139622569	0.5382982366605642
0.595	0.6772649078534919	0.6610795542500856	0.6027425926491538	0.5516355483429295	0.5402582082152393
0.5975	0.6787856633258004	0.6625774955638979	0.6043277645086862	0.5534881741865583	0.5422035065648738
0.6000000000000001	0.6802921620984784	0.6640616814120405	0.605900338525849	0.5553271440691951	0.5441342640005133
0.6025	0.6817846003365637	0.6655322992294095	0.6074604627689991	0.5571525838737023	0.5460506119484029
0.605	0.6832631707210379	0.6669895331430662	0.6090082830478605	0.5589646184459485	0.5479526809539812
0.6075	0.684728062522484	0.6684335640418739	0.6105439429546464	0.5607633715913668	0.549840600667073
0.6100000000000001	0.6861794616730142	0.6698645696445038	0.612067583904352	0.5625489660721565	0.5517144998282317
0.6125	0.6876175508365199	0.6712827245658467	0.6135793451742373	0.564321523605102	0.5535745062561851
0.615	0.6890425094772645	0.6726882003818733	0.6150793639425117	0.5660811648599804	0.5554207468363387
0.6174999999999999	0.6904545139268808	0.6740811656929774	0.6165677753262414	0.5678280094585308	0.5572533475102921
0.62	0.6918537374497913	0.6754617861858376	0.6180447124184909	0.5695621759739605	0.5590724332663256
0.6225	0.6932403503071047	0.6768302246938372	0.6195103063247182	0.5712837819309641	0.5608781281308166
0.625	0.6946145198190142	0.6781866412560701	0.6209646861984356	0.5729929438062278	0.5626705551605432
0.6275	0.6959764104257421	0.679531193174977	0.6224079792761538	0.574689777029401	0.5644498364358413
0.63	0.6973261837470593	0.6808640350726364	0.6238403109116231	0.5763743959845085	0.5662160930545713
0.6325000000000001	0.6986639986404196	0.6821853189457472	0.6252618046093851	0.578046914011783	0.5679694451268625
0.635	0.69999001125774	0.6834951942193376	0.6266725820576519	0.5797074434098989	0.5697100117706002
0.6375	0.7013043751008615	0.6847938077992225	0.6280727631605241	0.5813560954385838	0.5714379111076201
0.64	0.7026072410757216	0.6860813041232523	0.6294624660695638	0.5829929803215917	0.5731532602605777
0.6425000000000001	0.7038987575452672	0.6873578252113733	0.6308418072147337	0.5846182072500169	0.5748561753504625
0.645	0.7051790703811512	0.6886235107145339	0.6322109013347186	0.5862318843859311	0.5765467714947261
0.6475	0.7064483230142241	0.6898784979624627	0.6335698615066389	0.5878341188663279	0.5782251628059949
0.65	0.7077066564838661	0.691122922010347	0.6349187991751729	0.5894250168073556	0.579891462391339
0.6525000000000001	0.7089542094861809	0.6923569156844416	0.6362578241810952	0.5910046833088236	0.5815457823520713
0.655	0.7101911184210805	0.6935806096266288	0.6375870447892504	0.5925732224589667	0.5831882337840493
0.6575	0.7114175174382902	0.6947941323379606	0.6389065677159668	0.5941307373394534	0.584818926778456
0.66	0.7126335384822979	0.6959976102212068	0.6402164981559276	0.5956773300306213	0.5864379704230348
0.6625000000000001	0.713839311336275	0.6971911676224313	0.6415169398085088	0.5972131016169284	0.5880454728037546
0.665	0.715034963664997	0.6983749268716238	0.6428079949035944	0.5987381521926063	0.5896415410068852
0.6675	0.7162206210567814	0.6995490083224105	0.6440897642268824	0.6002525808675024	0.5912262811214578
0.67	0.7173964070644794	0.7007135303908619	0.6453623471446901	0.6017564857730986	0.5927997982420937
0.6725000000000001	0.7185624432455282	0.7018686095934259	0.6466258416282701	0.6032499640686965	0.5943621964721789
0.675	0.7197188492011054	0.7030143605840053	0.6478803442776497	0.6047331119477535	0.5959135789273657
0.6775	0.720865742614391	0.7041508961901987	0.6491259503449993	0.6062060246443669	0.597454047739386
0.6799999999999999	0.7220032392879733	0.7052783274487298	0.6503627537575438	0.6076687964398867	0.5989837040601521
0.6825	0.7231314531804088	0.7063967636400798	0.6515908471400262	0.6091215206696545	0.6005026480661371
0.685	0.7242504964419647	0.7075063123223506	0.6528103218367299	0.6105642897298534	0.6020109789630106
0.6875	0.7253604794495571	0.7086070793643725	0.6540212679330737	0.6119971950844646	0.6035087949905187
0.69	0.7264615108409144	0.7096991689780633	0.6552237742767846	0.6134203272723188	0.6049961934275933
0.6925	0.7275536975479738	0.710782683750089	0.6564179284986601	0.6148337759142349	0.6064732705976731
0.6950000000000001	0.728637144829539	0.7118577246728075	0.6576038170329277	0.61623762972024	0.6079401218742275
0.6975	0.7297119563032115	0.7129243911745369	0.6587815251372096	0.6176319764968583	0.6093968416864656
0.7	0.7307782339766165	0.7139827811491531	0.659951136912102	0.6190169031544678	0.6108435235252222
0.7025000000000001	0.731836078277939	0.7150329909850405	0.6611127353203778	0.6203924957147131	0.612280259949004
0.7050000000000001	0.7328855880857879	0.7160751155934026	0.662266402205817	0.6217588393179702	0.613707142590189
0.7075	0.7339268607584047	0.7171092484359605	0.6634122183116796	0.6231160182308547	0.6151242621613655
0.71	0.7349599921622297	0.7181354815520408	0.6645502632988203	0.6244641158537707	0.616531708461801
0.7124999999999999	0.7359850766998499	0.7191539055850789	0.6656806157634602	0.6258032147284912	0.6179295703840303
0.7150000000000001	0.73700220733733	0.7201646098085444	0.6668033532546167	0.6271333965457669	0.6193179359205542
0.7175	0.7380114756309561	0.7211676821513058	0.6679185522912032	0.6284547421529558	0.6206968921706388
0.72	0.7390129717533952	0.7221632092224494	0.6690262883788032	0.6297673315616727	0.6220665253472081
0.7224999999999999	0.7400067845192915	0.7231512763355614	0.6701266360261263	0.6310712439554491	0.6234269207838178
0.7250000000000001	0.7409930014103088	0.7241319675324915	0.6712196687611531	0.6323665576974015	0.6247781629417077
0.7275	0.7419717085996359	0.7251053656066029	0.6723054591469753	0.6336533503379027	0.6261203354169207
0.73	0.7429429909759644	0.7260715521255312	0.6733840787973365	0.6349316986222557	0.6274535209474831
0.7324999999999999	0.7439069321669556	0.7270306074534579	0.6744555983918833	0.6362016784983598	0.6287778014206383
0.7350000000000001	0.7448636145622043	0.7279826107729027	0.6755200876911277	0.6374633651243703	0.6300932578801296
0.7375	0.7458131193357166	0.7289276401060655	0.6765776155511309	0.6387168328763467	0.6313999705335208
0.74	0.7467555264679069	0.7298657723357106	0.6776282499379129	0.639962155355887	0.632698018759556
0.7424999999999999	0.7476909147671335	0.7307970832256117	0.6786720579415941	0.6411994053977417	0.6339874811155451
0.7450000000000001	0.7486193618907756	0.7317216474405697	0.6797091057902731	0.6424286550774096	0.6352684353447762
0.7475	0.7495409443658694	0.7326395385660073	0.6807394588636477	0.6436499757187085	0.6365409583839432
0.75	0.7504557376093105	0.7335508291271559	0.6817631817063846	0.6448634379013198	0.6378051263705918
0.7525	0.7513638159476319	0.7344555906078465	0.6827803380412416	0.6460691114683041	0.6390610146505706
0.7550000000000001	0.7522652526363702	0.7353538934689018	0.6837909907819488	0.6472670655335863	0.6403086977854904
0.7575000000000001	0.7531601198790276	0.736245807166153	0.6847952020458518	0.648457368489406	0.6415482495601799
0.76	0.7540484888456426	0.7371314001680839	0.6857930331663256	0.6496400880137347	0.6427797429901434
0.7625	0.7549304296909722	0.7380107399731095	0.6867845447049598	0.650815291077652	0.6440032503290071
0.7650000000000001	0.7558060115723022	0.7388838931264996	0.6877697964635221	0.651983043952686	0.6452188430759562
0.7675000000000001	0.7566753026668889	0.7397509252369573	0.688748847495704	0.6531434122181103	0.6464265919831578
0.77	0.7575383701890428	0.7406119009928559	0.6897217561186532	0.6542964607681991	0.6476265670631667
0.7725	0.7583952804068637	0.7414668841781464	0.6906885799242983	0.6554422538194382	0.6488188375963109
0.7750000000000001	0.7592460986586308	0.7423159376879436	0.6916493757904675	0.6565808549176902	0.6500034721380542
0.7775000000000001	0.7600908893688639	0.7431591235437914	0.6926041998918067	0.657712326945312	0.6511805385263314
0.78	0.7609297160640546	0.7439965029086246	0.6935531077105033	0.6588367321282258	0.6523501038888571
0.7825	0.7617626413880797	0.7448281361014256	0.6944961540468165	0.6599541320429386	0.6535122346504031
0.7849999999999999	0.7625897271173047	0.7456540826115877	0.6954333930294185	0.6610645876235136	0.6546669965400419
0.7875000000000001	0.7634110341753817	0.7464744011129918	0.6963648781255525	0.6621681591684883	0.6558144545983572
0.79	0.7642266226477505	0.7472891494777988	0.6972906621510082	0.6632649063477403	0.6569546731846136
0.7925	0.7650365517958508	0.7480983847899708	0.6982107972799224	0.6643548882093028	0.6580877159838926
0.7949999999999999	0.7658408800710476	0.7489021633585203	0.6991253350544046	0.665438163186122	0.6592136460141826
0.7975000000000001	0.7666396651282823	0.7497005407304983	0.7000343263939911	0.666514789102764	0.6603325256334309
0.8	0.7674329638394513	0.750493571703726	0.700937821604936	0.6675848231820625	0.6614444165465481
0.8025	0.7682208323065196	0.7512813103392733	0.7018358703893354	0.6686483220517154	0.6625493798123706
0.8049999999999999	0.7690033258743758	0.7520638099736981	0.7027285218540928	0.6697053417508207	0.6636474758505752
0.8075000000000001	0.7697804991434343	0.7528411232310361	0.7036158245197287	0.6707559377363593	0.6647387644485452
0.81	0.7705524059819903	0.7536133020345661	0.7044978263290341	0.6718001648896177	0.6658233047681881
0.8125	0.7713190995383308	0.7543803976183389	0.7053745746555747	0.6728380775225554	0.6669011553527048
0.815	0.772080632252612	0.7551424605384865	0.7062461163120487	0.6738697293841147	0.6679723741333057
0.8175000000000001	0.7728370558685053	0.7558995406843108	0.7071124975584957	0.6748951736664703	0.6690370184358768
0.8200000000000001	0.7735884214446125	0.7566516872891548	0.7079737641103679	0.6759144630112236	0.6700951449875915
0.8225	0.7743347793656681	0.7573989489410726	0.7088299611464605	0.6769276495155363	0.6711468099234714
0.825	0.7750761793535175	0.7581413735932834	0.7096811333167047	0.6779347847382073	0.6721920687928913
0.8275000000000001	0.7758126704778889	0.7588790085744347	0.7105273247498286	0.6789359197056899	0.6732309765660301
0.8300000000000001	0.7765443011669572	0.7596119005986649	0.7113685790608855	0.6799311049180513	0.6742635876402672
0.8325	0.7772711192177039	0.7603400957754739	0.712204939358655	0.6809203903548724	0.6752899558465221
0.835	0.7779931718060812	0.7610636396194076	0.7130364482529173	0.6819038254810904	0.6763101344555397
0.8375000000000001	0.7787105054969823	0.761782577059559	0.7138631478616042	0.6828814592527823	0.6773241761841184
0.8400000000000001	0.7794231662540217	0.7624969524488883	0.7146850798178271	0.6838533401228889	0.6783321332012808
0.8425	0.7801311994491321	0.7632068095733681	0.7155022852767902	0.6848195160468821	0.6793340571343883
0.845	0.7808346498719764	0.763912191660959	0.7163148049225828	0.6857800344883734	0.6803299990751991
0.8474999999999999	0.7815335617391885	0.7646131413904131	0.71712267897486	0.6867349424246642	0.681320009585867
0.8500000000000001	0.7822279787034344	0.7653097008999148	0.7179259471954103	0.6876842863522378	0.6823041387048845
0.8525	0.7829179438623075	0.7660019117955624	0.7187246488946125	0.6886281122921939	0.6832824359529679
0.855	0.7836034997670559	0.7666898151596881	0.7195188229377872	0.6895664657956273	0.6842549503388844
0.8574999999999999	0.7842846884311504	0.7673734515590298	0.7203085077514398	0.6904993919489466	0.685221730365221
0.8600000000000001	0.7849615513386898	0.7680528610527434	0.7210937413294009	0.6914269353791382	0.6861828240340972
0.8625	0.7856341294526509	0.7687280832002766	0.7218745612388651	0.6923491402589714	0.6871382788528188
0.865	0.7863024632229899	0.769399157069092	0.7226510046263295	0.6932660503121504	0.6880881418394744
0.8674999999999999	0.7869665925945911	0.7700661212422502	0.7234231082234349	0.6941777088184066	0.6890324595284756
0.8700000000000001	0.7876265570150685	0.7707290138258556	0.7241909083527096	0.6950841586185375	0.6899712779760376
0.8725	0.7882823954424307	0.771387872456365	0.7249544409332204	0.6959854421193886	0.6909046427656049
0.875	0.7889341463525992	0.7720427343077623	0.7257137414861293	0.6968816012987827	0.6918325990132185
0.8775	0.7895818477467936	0.7726936360986082	0.7264688451401621	0.697772677710391	0.6927551913728259
0.8800000000000001	0.7902255371587815	0.773340614098957	0.7272197866369845	0.6986587124885523	0.6936724640415379
0.8825000000000001	0.7908652516619967	0.7739837041371495	0.7279666003364935	0.6995397463530377	0.6945844607648235
0.885	0.7915010278765308	0.7746229416064883	0.7287093202220222	0.7004158196137614	0.6954912248416533
0.8875	0.7921329019759967	0.7752583614717868	0.7294479799054596	0.7012869721754382	0.696392799129585
0.8900000000000001	0.7927609096942697	0.7758899982758087	0.7301826126322891	0.7021532435421886	0.6972892260497939
0.8925000000000001	0.7933850863321088	0.7765178861455829	0.7309132512865439	0.7030146728220914	0.6981805475920475
0.895	0.7940054667636572	0.777142058798619	0.731639928395686	0.7038712987316839	0.699066805319626
0.8975	0.7946220854428304	0.7777625495489974	0.7323626761354038	0.7047231596004112	0.699948040374188
0.9000000000000001	0.795234976409589	0.7783793913133664	0.7330815263343351	0.7055702933750241	0.7008242934805813
0.9025000000000001	0.7958441732960988	0.7789926166168246	0.7337965104787127	0.706412737623926	0.7016956049516008
0.905	0.7964497093327849	0.7796022575987003	0.7345076597169397	0.70725052954147	0.7025620146926914
0.9075	0.7970516173542798	0.780208346018233	0.7352150048640883	0.7080837059522059	0.7034235622066002
0.9099999999999999	0.7976499298052616	0.7808109132601556	0.7359185764063302	0.7089123033150788	0.7042802865979726
0.9125000000000001	0.7982446787461968	0.7814099903401741	0.7366184045052951	0.7097363577275767	0.7051322265778998
0.915	0.7988358958589765	0.7820056079103569	0.7373145190023617	0.7105559049298311	0.7059794204684102
0.9175	0.7994236124524599	0.7825977962644302	0.7380069494228811	0.7113709803086711	0.7068219062069133
0.9199999999999999	0.8000078594679182	0.7831865853429788	0.7386957249803342	0.7121816189016251	0.7076597213505893
0.9225000000000001	0.8005886674843832	0.7837720047385606	0.7393808745804232	0.7129878554008825	0.7084929030807298
0.925	0.8011660667239077	0.7843540837007309	0.7400624268251005	0.7137897241572015	0.7093214882070278
0.9275	0.8017400870567299	0.7849328511409788	0.7407404100165332	0.7145872591837762	0.710145513171817
0.9299999999999999	0.8023107580063531	0.7855083356375862	0.7414148521610083	0.7153804941600544	0.7109650140542627
0.9325000000000001	0.8028781087545368	0.7860805654403942	0.7420857809727759	0.7161694624355132	0.711780026574504
0.935	0.8034421681462012	0.7866495684754962	0.7427532238778329	0.7169541970333865	0.7125905860977454
0.9375	0.8040029646942514	0.7872153723498465	0.743417208017649	0.7177347306543518	0.7133967276383035
0.94	0.804560526584315	0.7877780043557925	0.744077760252836	0.7185110956801698	0.7141984858636033
0.9425000000000001	0.8051148816794033	0.788337491475533	0.7447349071667589	0.719283324177283	0.714995895098128
0.9450000000000001	0.8056660575244912	0.788893860385494	0.7453886750690938	0.7200514479003699	0.7157889893273236
0.9475	0.8062140813510211	0.7894471374606405	0.7460390899993298	0.7208154982958576	0.7165778022014552
0.95	0.8067589800813301	0.7899973487787085	0.7466861777302195	0.7215755065053919	0.7173623670394187
0.9525000000000001	0.8073007803330027	0.7905445201243688	0.7473299637711749	0.722331503369266	0.7181427168325067
0.9550000000000001	0.8078395084231533	0.7910886769933245	0.7479704733716126	0.7230835194298083	0.7189188842481299
0.9575	0.8083751903726316	0.7916298445963338	0.74860773152425	0.7238315849347287	0.7196909016334931
0.96	0.8089078519101645	0.792168047863172	0.749241762968349	0.7245757298404255	0.7204588010192292
0.9625000000000001	0.8094375184764231	0.7927033114465246	0.7498725921929135	0.7253159838152532	0.721222614122987
0.9650000000000001	0.8099642152280283	0.7932356597258183	0.7505002434398362	0.7260523762427487	0.7219823723529784
0.9675	0.8104879670414855	0.7937651168109867	0.7511247407070013	0.7267849362248208	0.7227381068114814
0.97	0.8110087985170549	0.7942917065461764	0.7517461077513385	0.7275136925849004	0.7234898482983019
0.9724999999999999	0.8115267339825614	0.7948154525133908	0.7523643680918323	0.7282386738710527	0.7242376273141936
0.9750000000000001	0.8120417974971388	0.7953363780360756	0.7529795450124861	0.7289599083590522	0.7249814740642361
0.9775	0.8125540128549139	0.795854506182645	0.7535916615652436	0.7296774240554195	0.7257214184611728
0.98	0.8130634035886304	0.7963698597699497	0.7542007405728647	0.7303912487004228	0.7264574901287086
0.9824999999999999	0.813569992973214	0.7968824613666932	0.7548068046317618	0.7311014097710428	0.7271897184047676
0.9850000000000001	0.8140738040292795	0.7973923332967857	0.7554098761147914	0.7318079344839009	0.7279181323447107
0.9875	0.8145748595265818	0.7978994976426513	0.7560099771740068	0.7325108497981521	0.7286427607245153
0.99	0.8150731819874089	0.7984039762484764	0.7566071297433687	0.7332101824183449	0.7293636320439157
0.9924999999999999	0.8155687936899216	0.7989057907234085	0.7572013555414187	0.7339059587972432	0.7300807745295058
0.9950000000000001	0.8160617166714432	0.7994049624447037	0.75779267607391	0.7345982051386167	0.7307942161378039
0.9975	0.8165519727316886	0.7999015125608254	0.7583811126364035	0.7352869473999968	0.7315039845582805
1.	0.8170395834359478	0.8003954619944887	0.7589666863168238	0.7359722112953985	0.7322101072163489
1.0025	0.8175245701182194	0.8008868314456632	0.759549417997979	0.7366540222980099	0.7329126112763201
1.0050000000000001	0.8180069538842886	0.8013756413945228	0.7601293283600439	0.7373324056428494	0.7336115236443214
1.0075	0.8184867556147599	0.8018619121043513	0.7607064378830074	0.7380073863293891	0.7343068709711786
1.01	0.8189639959680437	0.8023456636244032	0.7612807668490846	0.7386789891241493	0.7349986796552653
1.0125	0.8194386953832927	0.8028269157927163	0.7618523353450949	0.7393472385632586	0.7356869758453152
1.0150000000000001	0.8199108740832914	0.803305688238883	0.762421163264804	0.7400121589549843	0.7363717854432017
1.0175	0.8203805520773043	0.8037820003867783	0.762987270311235	0.7406737743822329	0.7370531341066825
1.02	0.8208477491638747	0.8042558714572424	0.763550675998945	0.7413321087050189	0.7377310472521119
1.0225	0.8213124849335823	0.8047273204707256	0.7641113996562691	0.7419871855629042	0.7384055500571193
1.0250000000000001	0.821774778771761	0.8051963662498886	0.7646694604275339	0.7426390283774086	0.7390766674632547
1.0275	0.8222346498611659	0.8056630274221648	0.7652248772752378	0.7432876603543899	0.7397444241786034
1.03	0.8226921171846062	0.8061273224222802	0.7657776689822018	0.743933104486396	0.7404088446803674
1.0325	0.8231471995275353	0.8065892694947404	0.76632785415369	0.7445753835549893	0.7410699532174156
1.035	0.8235999154806021	0.8070488866962708	0.766875451219499	0.7452145201330408	0.7417277738128037
1.0375	0.8240502834421584	0.8075061918982294	0.7674204784360196	0.7458505365869984	0.7423823302662624
1.04	0.8244983216207328	0.8079612027889707	0.7679629538882676	0.7464834550791268	0.7430336461566562
1.0425	0.8249440480374668	0.8084139368761865	0.7685028954918889	0.7471132975697213	0.7436817448444113
1.045	0.8253874805285079	0.8088644114892	0.7690403209951334	0.7477400858192933	0.7443266494739145
1.0475	0.8258286367473746	0.8093126437812338	0.7695752479808049	0.7483638413907306	0.744968382975883
1.05	0.8262675341672743	0.8097586507316362	0.7701076938681805	0.7489845856514319	0.745606968069705
1.0525	0.8267041900834017	0.810202449148079	0.7706376759149058	0.7496023397754139	0.7462424272657516
1.055	0.8271386216151858	0.8106440556687193	0.7711652112188634	0.7502171247453951	0.7468747828676617
1.0575	0.827570845708515	0.811083486764333	0.7716903167200149	0.7508289613548526	0.7475040569745977
1.06	0.8280008791379203	0.8115207587404073	0.7722130092022175	0.7514378702100554	0.7481302714834733
1.0625	0.8284287385087332	0.8119558877392141	0.7727333052950176	0.7520438717320729	0.7487534480911581
1.065	0.8288544402592072	0.812388889741842	0.7732512214754163	0.7526469861587586	0.7493736082966496
1.0675000000000001	0.8292780006626066	0.8128197805702043	0.7737667740696149	0.753247233546711	0.7499907734032234
1.07	0.8296994358292652	0.8132485758890136	0.7742799792547332	0.75384463377321	0.7506049645205555
1.0725	0.8301187617086176	0.813675291207729	0.7747908530605055	0.7544392065381305	0.7512162025668189
1.075	0.8305359940911934	0.8140999418824753	0.775299411370955	0.7550309713658329	0.751824508270754
1.0775000000000001	0.8309511486105896	0.814522543117931	0.7758056699260425	0.7556199476070314	0.7524299021737167
1.08	0.8313642407454106	0.8149431099691918	0.7763096443232963	0.7562061544406389	0.7530324046316983
1.0825	0.8317752858211728	0.8153616573436031	0.776811350019417	0.7567896108755905	0.7536320358173225
1.085	0.8321842990121954	0.8157782000025698	0.7773108023318628	0.7573703357526451	0.754228815721819
1.0875000000000001	0.8325912953434524	0.8161927525633367	0.7778080164404124	0.7579483477461659	0.7548227641569712
1.09	0.8329962896924004	0.8166053295007442	0.7783030073887072	0.7585236653658783	0.7554139007570425
1.0925	0.8333992967907788	0.8170159451489559	0.7787957900857727	0.7590963069586077	0.7560022449806779
1.095	0.8338003312263885	0.8174246137031679	0.7792863793075211	0.7596662907099974	0.7565878161127831
1.0975	0.8341994074448382	0.8178313492212834	0.7797747896982303	0.7602336346462034	0.7571706332663811
1.1	0.8345965397512721	0.818236165625574	0.7802610357720086	0.7607983566355732	0.757750715384446
1.1025	0.8349917423120622	0.818639076704306	0.7807451319142331	0.7613604743902987	0.7583280812417151
1.105	0.8353850291564908	0.8190400961133534	0.7812270923829765	0.7619200054680565	0.758902749446479
1.1075	0.835776414178395	0.8194392373777816	0.781706931310409	0.762476967273622	0.7594747384423498
1.11	0.8361659111377973	0.81983651389341	0.7821846627041855	0.7630313770604695	0.7600440665100096
1.1125	0.836553533662507	0.8202319389283519	0.782660300448812	0.7635832519323498	0.7606107517689353
1.115	0.8369392952497	0.8206255256245342	0.7831338583069963	0.7641326088448513	0.7611748121791054
1.1175	0.8373232092674803	0.8210172869991936	0.7836053499209797	0.7646794646069415	0.7617362655426846
1.12	0.8377052889564105	0.8214072359463538	0.7840747888138511	0.7652238358824902	0.7622951295056888
1.1225	0.8380855474310305	0.8217953852382763	0.7845421883908444	0.7657657391917759	0.7628514215596305
1.125	0.8384639976813475	0.8221817475268999	0.7850075619406206	0.766305190912973	0.763405159043144
1.1275	0.8388406525743074	0.8225663353452516	0.785470922636529	0.7668422072836218	0.7639563591435911
1.1300000000000001	0.8392155248552478	0.8229491611088415	0.7859322835378572	0.7673768044020819	0.7645050388986478
1.1325	0.8395886271493257	0.8233302371170381	0.786391657591061	0.7679089982289676	0.7650512151978733
1.135	0.8399599719629272	0.8237095755544221	0.7868490576309807	0.7684388045885672	0.7655949047842574
1.1375	0.8403295716850605	0.8240871884921264	0.7873044963820404	0.7689662391702442	0.7661361242557526
1.1400000000000001	0.8406974385887243	0.8244630878891506	0.7877579864594328	0.7694913175298245	0.7666748900667857
1.1425	0.8410635848322652	0.8248372855936621	0.7882095403702886	0.7700140550909645	0.7672112185297529
1.145	0.8414280224607007	0.8252097933442781	0.7886591705148297	0.7705344671465056	0.7677451258164967
1.1475	0.8417907634070424	0.8255806227713296	0.7891068891875105	0.7710525688598107	0.7682766279597645
1.1500000000000001	0.8421518194935897	0.8259497853981072	0.7895527085781415	0.7715683752660873	0.7688057408546508
1.1525	0.8425112024332082	0.8263172926420912	0.7899966407730007	0.7720819012736932	0.7693324802600224
1.155	0.8428689238305878	0.8266831558161631	0.7904386977559292	0.7725931616654279	0.7698568617999265
1.1575	0.8432249951834924	0.8270473861298031	0.790878891409416	0.7731021710998092	0.7703789009649815
1.16	0.8435794278839803	0.8274099946902682	0.791317233515665	0.7736089441123338	0.7708986131137527
1.1625	0.8439322332196171	0.8277709925037579	0.7917537357576515	0.7741134951167249	0.7714160134741104
1.165	0.844283422374665	0.8281303904765576	0.792188409720164	0.7746158384061635	0.7719311171445732
1.1675	0.8446330064312666	0.8284881994161747	0.7926212668908342	0.7751159881545068	0.772443939095635
1.17	0.8449809963705994	0.8288444300324543	0.7930523186611524	0.7756139584174919	0.772954494171076
1.1725	0.8453274030740225	0.8291990929386795	0.7934815763274722	0.7761097631339257	0.7734627970892587
1.175	0.8456722373242058	0.82955219865266	0.7939090510919992	0.7766034161268603	0.7739688624444092
1.1775	0.8460155098062475	0.829903757597802	0.794334754063773	0.7770949311047566	0.7744727047078828
1.18	0.8463572311087685	0.8302537801041691	0.794758696259631	0.7775843216626326	0.7749743382294142
1.1825	0.8466974117250007	0.8306022764095224	0.7951808886051644	0.778071601283199	0.775473777238355
1.185	0.8470360620538525	0.8309492566603525	0.7956013419356602	0.7785567833379831	0.7759710358448948
1.1875	0.8473731924009703	0.8312947309128944	0.7960200669970325	0.7790398810884369	0.7764661280412696
1.19	0.8477088129797756	0.8316387091341307	0.7964370744467425	0.7795209076870357	0.7769590677029544
1.1925000000000001	0.8480429339124933	0.83198120120278	0.7968523748547058	0.7799998761783622	0.7774498685898441
1.195	0.8483755652311674	0.8323222169102724	0.7972659787041907	0.7804767995001777	0.7779385443474184
1.1975	0.8487067168786567	0.8326617659617122	0.797677896392703	0.7809516904844829	0.7784251085078949
1.2	0.849036398709629	0.832999857976831	0.7980881382328626	0.7814245618585651	0.778909574491368
1.2025	0.8493646204915294	0.8333365024909225	0.7984967144532672	0.7818954262460343	0.7793919556069352
1.205	0.8496913919055444	0.8336717089557689	0.7989036351993467	0.7823642961678462	0.779872265053809
1.2075	0.8500167225475481	0.834005486740555	0.7993089105342063	0.7828311840433156	0.7803505159224186
1.21	0.8503406219290417	0.8343378451327682	0.7997125504394609	0.7832961021911163	0.7808267211954951
1.2125	0.8506630994780747	0.8346687933390897	0.800114564816058	0.7837590628302705	0.781300893749148
1.215	0.8509841645401581	0.834998340486272	0.8005149634850908	0.7842200780811275	0.7817730463539271
1.2175	0.8513038263791614	0.8353264956220046	0.8009137561886013	0.7846791599663299	0.7822431916758725
1.22	0.8516220941782062	0.8356532677157695	0.8013109525903763	0.7851363204117702	0.782711342277553
1.2225	0.8519389770405371	0.8359786656596879	0.801706562276729	0.7855915712475356	0.7831775106190922
1.2249999999999999	0.8522544839903903	0.8363026982693513	0.802100594757276	0.7860449242088436	0.7836417090591825
1.2275	0.8525686239738465	0.8366253742846426	0.8024930594657022	0.7864963909369649	0.7841039498560893
1.23	0.8528814058596743	0.8369467023705536	0.8028839657605166	0.7869459829801371	0.7845642451686416
1.2325	0.8531928384401611	0.8372666911179815	0.8032733229258013	0.787393711794469	0.7850226070572116
1.2349999999999999	0.853502930431938	0.8375853490445221	0.8036611401719493	0.7878395887448331	0.7854790474846842
1.2375	0.8538116904767848	0.8379026845952507	0.8040474266363941	0.7882836251057486	0.7859335783174157
1.24	0.8541191271424369	0.8382187061434961	0.8044321913843312	0.7887258320622549	0.7863862113261786
1.2425	0.8544252489233695	0.8385334219915979	0.8048154434094309	0.7891662207107755	0.7868369581871003
1.2449999999999999	0.8547300642415846	0.8388468403716607	0.8051971916345425	0.7896048020599711	0.787285830482587
1.2475	0.8550335814473745	0.8391589694462955	0.8055774449123896	0.7900415870315844	0.7877328397022397
1.25	0.8553358088200861	0.8394698173093541	0.8059562120262588	0.7904765864612752	0.788177997243759
1.2525	0.8556367545688709	0.8397793919866512	0.8063335016906787	0.7909098110994448	0.7886213144138388
1.255	0.8559364268334266	0.8400877014366794	0.8067093225520924	0.7913412716120541	0.7890628024290519
1.2575	0.8562348336847291	0.8403947535513154	0.8070836831895201	0.7917709785814299	0.7895024724167239
1.26	0.8565319831257527	0.8407005561565155	0.8074565921152163	0.7921989425070628	0.7899403354157978
1.2625	0.8568278830921893	0.8410051170130042	0.8078280577753181	0.7926251738063982	0.7903764023776894
1.265	0.8571225414531461	0.8413084438169539	0.8081980885504858	0.7930496828156159	0.7908106841671321
1.2675	0.85741596601185	0.8416105442006571	0.8085666927565365	0.7934724797904028	0.791243191563013
1.27	0.8577081645063247	0.8419114257331844	0.8089338786450704	0.7938935749067162	0.7916739352592
1.2725	0.8579991446100788	0.8422110959210439	0.8092996544040899	0.7943129782615392	0.7921029258653578
1.275	0.8582889139327688	0.8425095622088252	0.8096640281586109	0.7947306998736281	0.792530173907757
1.2775	0.8585774800208666	0.8428068319798385	0.8100270079712679	0.79514674968425	0.792955689830073
1.28	0.8588648503583084	0.8431029125567422	0.8103886018429111	0.7955611375579144	0.7933794839941765
1.2825	0.8591510323671425	0.84339781120217	0.8107488177131988	0.7959738732830951	0.793801566680914
1.285	0.8594360334081684	0.8436915351193427	0.8111076634611804	0.7963849665729457	0.7942219480908815
1.2875	0.8597198607815646	0.8439840914526757	0.811465146905874	0.7967944270660053	0.7946406383451888
1.29	0.8600025217275091	0.8442754872883812	0.8118212758068373	0.7972022643268986	0.7950576474862144
1.2925	0.8602840234267972	0.844565729655059	0.8121760578647323	0.7976084878470269	0.7954729854783535
1.295	0.8605643730014476	0.8448548255242815	0.8125295007218833	0.7980131070452525	0.7958866622087564
1.2974999999999999	0.8608435775153004	0.8451427818111737	0.8128816119628287	0.7984161312685748	0.7962986874880604
1.3	0.8611216439746056	0.8454296053749829	0.8132323991148653	0.7988175697927995	0.7967090710511123
1.3025	0.8613985793286211	0.8457153030196458	0.8135818696485891	0.7992174318232007	0.7971178225576829
1.305	0.8616743904701747	0.8459998814943402	0.8139300309784272	0.7996157264951762	0.7975249515931748
1.3074999999999999	0.8619490842362446	0.8462833474940444	0.8142768904631659	0.800012462874894	0.7979304676693211
1.31	0.8622226674085202	0.8465657076600721	0.814622455406471	0.8004076499599336	0.7983343802248771
1.3125	0.8624951467139593	0.846846968580618	0.8149667330574047	0.8008012966799205	0.7987366986263054
1.315	0.86276652882534	0.8471271367912834	0.8153097306109335	0.8011934118971514	0.7991374321684511
1.3175	0.8630368203618036	0.8474062187756045	0.8156514552084327	0.8015840044072161	0.7995365900752117
1.32	0.8633060278893896	0.8476842209655693	0.8159919139381855	0.8019730829396098	0.7999341815001993
1.3225	0.8635741579215702	0.8479611497421295	0.8163311138358748	0.8023606561583411	0.8003302155273948
1.325	0.8638412169197728	0.8482370114357078	0.8166690618850708	0.8027467326625316	0.8007247011717956
1.3275	0.8641072112938969	0.848511812326699	0.8170057650177132	0.8031313209870101	0.8011176473800566
1.33	0.8643721474028333	0.8487855586459618	0.8173412301145869	0.8035144296029006	0.8015090630311235
1.3325	0.8646360315549565	0.8490582565753095	0.8176754640057942	0.8038960669182034	0.8018989569368594
1.335	0.8648988700086394	0.8493299122479913	0.8180084734712205	0.8042762412783699	0.8022873378426654
1.3375	0.8651606689727364	0.84960053174917	0.818340265240995	0.804654960966873	0.802674214428093
1.34	0.8654214346070785	0.8498701211163943	0.8186708459959474	0.8050322342057685	0.8030595953074517
1.3425	0.8656811730229517	0.850138686340062	0.8190002223680569	0.8054080691562532	0.8034434890304091
1.345	0.8659398902835758	0.8504062333638827	0.8193284009409005	0.8057824739192156	0.8038259040825835
1.3475	0.8661975924045732	0.8506727680853329	0.8196553882500927	0.8061554565357818	0.8042068488861327
1.35	0.8664542853544407	0.8509382963561051	0.8199811907837221	0.8065270249878539	0.804586331800334
1.3525	0.8667099750549988	0.8512028239825501	0.8203058149827822	0.8068971871986449	0.8049643611221602
1.355	0.8669646673818587	0.8514663567261195	0.8206292672415993	0.8072659510332064	0.8053409450868462
1.3575	0.8672183681648623	0.8517289003038	0.8209515539082541	0.807633324298952	0.8057160918684538
1.3599999999999999	0.8674710831885345	0.8519904603885403	0.8212726812849996	0.8079993147461728	0.8060898095804274
1.3625	0.8677228181925124	0.8522510426096751	0.8215926556286732	0.8083639300685513	0.8064621062761442
1.365	0.8679735788719897	0.852510652553348	0.8219114831511067	0.8087271779036662	0.80683298994946
1.3675	0.8682233708781387	0.8527692957629213	0.8222291700195294	0.8090890658334939	0.8072024685352474
1.3699999999999999	0.8684721998185386	0.8530269777393894	0.8225457223569692	0.8094496013849044	0.8075705499099297
1.3725	0.86872007125759	0.8532837039417828	0.8228611462426462	0.8098087920301524	0.807937241892008
1.375	0.8689669907169366	0.8535394797875665	0.8231754477123661	0.8101666451873616	0.8083025522425842
1.3775	0.8692129636758642	0.8537943106530387	0.8234886327589062	0.8105231682210065	0.8086664886658764
1.38	0.8694579955717173	0.8540482018737213	0.8238007073323987	0.8108783684423875	0.8090290588097312
1.3825	0.8697020918002901	0.8543011587447449	0.8241116773407101	0.8112322531101007	0.809390270266129
1.385	0.869945257716229	0.8545531865212327	0.8244215486498143	0.811584829430505	0.8097501305716838
1.3875	0.870187498633417	0.8548042904186791	0.8247303270841659	0.8119361045581814	0.8101086472081392
1.39	0.8704288198253668	0.8550544756133225	0.825038018427066	0.81228608559639	0.8104658276028586
1.3925	0.8706692265255994	0.8553037472425166	0.8253446284210249	0.8126347795975217	0.8108216791293091
1.395	0.8709087239280245	0.8555521104050913	0.8256501627681219	0.8129821935635436	0.8111762091075423
1.3975	0.8711473171873114	0.8557995701617205	0.8259546271303608	0.8133283344464428	0.811529424804668
1.4	0.8713850114192611	0.8560461315352751	0.8262580271300218	0.8136732091486623	0.8118813334353256
1.4025	0.871621811701169	0.8562917995111761	0.8265603683500089	0.8140168245235354	0.8122319421621469
1.405	0.8718577230721903	0.8565365790377454	0.8268616563341941	0.8143591873757139	0.8125812580962184
1.4075	0.8720927505336937	0.8567804750265511	0.8271618965877595	0.8147003044615919	0.8129292882975353
1.41	0.872326899049615	0.8570234923527487	0.8274610945775328	0.8150401824897265	0.8132760397754524
1.4125	0.8725601735468085	0.8572656358554192	0.827759255732323	0.815378828121253	0.8136215194891303
1.415	0.8727925789153885	0.8575069103379009	0.8280563854432479	0.8157162479702958	0.8139657343479766
1.4175	0.8730241200090751	0.8577473205681226	0.8283524890640632	0.816052448604377	0.8143086912120822
1.42	0.8732548016455303	0.8579868712789287	0.828647571911485	0.8163874365448182	0.8146503968926546
1.4224999999999999	0.8734846286066894	0.8582255671684046	0.8289416392655098	0.8167212182671393	0.8149908581524451
1.425	0.8737136056390964	0.8584634129001895	0.8292346963697312	0.817053800201455	0.815330081706172
1.4275	0.8739417374542248	0.8587004131038011	0.8295267484316532	0.817385188732864	0.8156680742209401
1.43	0.8741690287288053	0.8589365723749414	0.8298178006230005	0.817715390201837	0.8160048423166555
1.4324999999999999	0.8743954841051448	0.859171895275809	0.8301078580800262	0.8180444109045992	0.8163403925664361
1.435	0.8746211081914371	0.8594063863354032	0.8303969259038141	0.81837225709351	0.8166747314970176
1.4375	0.8748459055620824	0.8596400500498277	0.8306850091605809	0.8186989349774376	0.8170078655891564
1.44	0.8750698807579923	0.8598728908825881	0.8309721128819734	0.8190244507221319	0.8173398012780266
1.4425	0.8752930382868954	0.860104913264889	0.8312582420653624	0.8193488104505913	0.8176705449536156
1.445	0.8755153826236421	0.8603361215959247	0.8315434016741354	0.8196720202434266	0.8180001029611126
1.4475	0.8757369182105011	0.86056652024317	0.8318275966379842	0.8199940861392229	0.8183284816012956
1.45	0.8759576494574564	0.8607961135426678	0.8321108318531918	0.8203150141348955	0.8186556871309136
1.4525	0.8761775807424986	0.8610249057993078	0.8323931121829136	0.8206348101860432	0.8189817257630643
1.455	0.8763967164119176	0.8612529012871116	0.8326744424574588	0.820953480207299	0.8193066036675689
1.4575	0.8766150607805837	0.8614801042495045	0.8329548274745662	0.8212710300726757	0.8196303269713433
1.46	0.8768326181322348	0.8617065188995952	0.8332342719996799	0.8215874656159087	0.8199529017587642
1.4625	0.8770493927197561	0.8619321494204428	0.8335127807662195	0.8219027926307965	0.8202743340720329
1.465	0.8772653887654551	0.8621569999653271	0.8337903584758497	0.8222170168715356	0.8205946299115345
1.4675	0.8774806104613377	0.8623810746580114	0.8340670097987454	0.8225301440530542	0.8209137952361948
1.47	0.8776950619693787	0.8626043775930087	0.8343427393738571	0.8228421798513418	0.8212318359638314
1.4725	0.8779087474217877	0.862826912835838	0.8346175518091686	0.8231531299037742	0.8215487579715042
1.475	0.8781216709212791	0.8630486844232839	0.8348914516819588	0.8234629998094384	0.8218645670958595
1.4775	0.878333836541334	0.863269696363649	0.8351644435390535	0.8237717951294509	0.8221792691334725
1.48	0.8785452483264525	0.8634899526370056	0.8354365318970818	0.8240795213872751	0.822492869841186
1.4825	0.8787559102924208	0.8637094571954456	0.8357077212427237	0.8243861840690355	0.8228053749364453
1.4849999999999999	0.8789658264265628	0.8639282139633258	0.8359780160329613	0.8246917886238269	0.8231167900976303
1.4875	0.8791750006879858	0.8641462268375122	0.8362474206953208	0.8249963404640227	0.8234271209643843
1.49	0.8793834370078376	0.8643634996876195	0.836515939628118	0.8252998449655796	0.8237363731379386
1.4925	0.8795911392895455	0.8645800363562516	0.8367835772006985	0.8256023074683388	0.8240445521814352
1.4949999999999999	0.8797981114090628	0.8647958406592373	0.8370503377536761	0.8259037332763244	0.824351663620246
1.4975	0.8800043572151144	0.8650109163858619	0.837316225599168	0.826204127658039	0.8246577129422875
1.5	0.8802098805294287	0.8652252672991012	0.8375812450210297	0.8265034958467571	0.8249627055983346
1.5025	0.8804146851469765	0.865438897135847	0.8378454002750856	0.8268018430408149	0.8252666470023294
1.505	0.8806187748362058	0.865651809607137	0.8381086955893577	0.827099174403897	0.8255695425316883
1.5075	0.8808221533392713	0.865864008398377	0.8383711351642937	0.8273954950653208	0.8258713975276051
1.51	0.881024824372263	0.8660754971695591	0.8386327231729904	0.8276908101203184	0.8261722172953518
1.5125	0.8812267916254334	0.8662862795554881	0.8388934637614168	0.8279851246303156	0.8264720071045764
1.515	0.8814280587634221	0.8664963591659934	0.8391533610486347	0.8282784436232075	0.826770772189597
1.5175	0.8816286294254769	0.8667057395861446	0.839412419127016	0.8285707720936328	0.8270685177496944
1.52	0.8818285072256719	0.8669144243764652	0.8396706420624584	0.828862115003244	0.8273652489494004
1.5225	0.8820276957531261	0.8671224170731424	0.8399280338946014	0.8291524772809762	0.827660970918785
1.525	0.8822261985722182	0.8673297211882361	0.8401845986370357	0.8294418638233126	0.8279556887537379
1.5275	0.8824240192228007	0.8675363402098838	0.8404403402775145	0.8297302794945476	0.8282494075162518
1.53	0.8826211612204051	0.8677422776025047	0.8406952627781602	0.8300177291270477	0.8285421322346976
1.5325	0.8828176280564578	0.8679475368070031	0.8409493700756723	0.8303042175215097	0.828833867904102
1.535	0.8830134231984809	0.8681521212409664	0.8412026660815274	0.8305897494472159	0.8291246194864184
1.5375	0.8832085500902971	0.8683560342988642	0.8414551546821852	0.830874329642288	0.8294143919107976
1.54	0.883403012152233	0.8685592793522432	0.8417068397392855	0.831157962813938	0.8297031900738553
1.5425	0.8835968127813195	0.8687618597499219	0.8419577250898479	0.8314406536387157	0.8299910188399364
1.545	0.8837899553514869	0.8689637788181822	0.8422078145464661	0.831722406762756	0.8302778830413775
1.5474999999999999	0.8839824432137635	0.8691650398609584	0.8424571118975044	0.8320032268020224	0.8305637874787668
1.55	0.8841742796964686	0.8693656461600255	0.8427056209072878	0.8322831183425478	0.8308487369212008
1.5525	0.8843654681054036	0.8695656009751878	0.8429533453162943	0.8325620859406745	0.8311327361065395
1.555	0.8845560117240437	0.8697649075444597	0.8432002888413423	0.832840134123291	0.8314157897416588
1.5574999999999999	0.8847459138137264	0.8699635690842481	0.8434464551757789	0.8331172673880665	0.8316979025027
1.56	0.8849351776138332	0.8701615887895363	0.8436918479896632	0.8333934902036831	0.831979079035318
1.5625	0.8851238063419785	0.8703589698340589	0.8439364709299519	0.8336688070100668	0.8322593239549257
1.565	0.8853118031941906	0.8705557153704824	0.8441803276206795	0.8339432222186158	0.8325386418469375
1.5675	0.8854991713450941	0.8707518285305764	0.8444234216631383	0.8342167402124258	0.8328170372670094
1.57	0.8856859139480844	0.8709473124253905	0.8446657566360574	0.8344893653465135	0.8330945147412779
1.5725	0.8858720341355075	0.8711421701454237	0.8449073360957786	0.8347611019480407	0.8333710787665956
1.575	0.8860575350188353	0.8713364047607953	0.8451481635764323	0.8350319543165305	0.8336467338107644
1.5775	0.8862424196888405	0.8715300193214135	0.8453882425901097	0.8353019267240889	0.8339214843127685
1.58	0.8864266912157673	0.8717230168571418	0.8456275766270349	0.8355710234156173	0.8341953346830023
1.5825	0.8866103526494948	0.8719154003779634	0.8458661691557354	0.835839248609028	0.8344682893034994
1.585	0.8867934070197189	0.872107172874145	0.8461040236232097	0.836106606495455	0.8347403525281557
1.5875	0.8869758573361072	0.8722983373163986	0.8463411434550953	0.8363731012394642	0.8350115286829537
1.59	0.8871577065884704	0.8724888966560419	0.8465775320558334	0.8366387369792612	0.8352818220661834
1.5925	0.8873389577469233	0.8726788538251569	0.8468131928088325	0.8369035178268965	0.8355512369486605
1.595	0.8875196137620454	0.872868211736745	0.8470481290766317	0.8371674478684704	0.8358197775739439
1.5975	0.8876996775650473	0.8730569732848866	0.8472823442010605	0.8374305311643343	0.8360874481585494
1.6	0.8878791520679206	0.8732451413448895	0.8475158415033985	0.8376927717492915	0.8363542528921641
1.6025	0.8880580401636017	0.8734327187734472	0.8477486242845335	0.8379541736327952	0.8366201959378557
1.605	0.8882363447261241	0.8736197084087858	0.8479806958251178	0.8382147407991452	0.8368852814322821
1.6075	0.8884140686107738	0.8738061130708155	0.8482120593857229	0.8384744772076826	0.8371495134858984
1.6099999999999999	0.8885912146542414	0.8739919355612767	0.8484427182069934	0.8387333867929831	0.8374128961831607
1.6125	0.888767785674773	0.8741771786638896	0.8486726755097989	0.8389914734650477	0.8376754335827314
1.615	0.8889437844723211	0.8743618451444969	0.8489019344953849	0.839248741109492	0.8379371297176781
1.6175	0.8891192138286914	0.8745459377512076	0.8491304983455218	0.8395051935877353	0.8381979885956742
1.6199999999999999	0.889294076507688	0.8747294592145415	0.8493583702226538	0.8397608347371849	0.8384580141991961
1.6225	0.8894683752552622	0.8749124122475687	0.8495855532700445	0.8400156683714214	0.8387172104857191
1.625	0.889642112799655	0.875094799546049	0.8498120506119229	0.840269698280381	0.8389755813879112
1.6275	0.8898152918515374	0.8752766237885711	0.8500378653536274	0.8405229282305372	0.839233130813825
1.63	0.8899879151041546	0.8754578876366895	0.8502630005817478	0.8407753619650792	0.8394898626470881
1.6325	0.8901599852334656	0.8756385937350597	0.8504874593642676	0.84102700320409	0.839745780747092
1.635	0.890331504898278	0.8758187447115733	0.8507112447507038	0.841277855644723	0.8400008889491786
1.6375	0.8905024767403901	0.8759983431774907	0.8509343597722455	0.8415279229613755	0.840255191064826
1.64	0.890672903384722	0.8761773917275718	0.851156807441892	0.8417772088058632	0.8405086908818311
1.6425	0.890842787439454	0.87635589294021	0.8513785907545887	0.8420257168075901	0.8407613921644922
1.645	0.8910121314961597	0.8765338493775575	0.8515997126873621	0.8422734505737193	0.8410132986537887
1.6475	0.8911809381299305	0.8767112635856558	0.8518201761994548	0.842520413689341	0.8412644140675598
1.65	0.8913492098995194	0.8768881380945627	0.8520399842324573	0.8427666097176397	0.8415147421006817
1.6525	0.8915169493474565	0.8770644754184764	0.8522591397104394	0.8430120422000591	0.8417642864252421
1.655	0.8916841590001887	0.8772402780558621	0.8524776455400811	0.843256714656466	0.8420130506907151
1.6575	0.891850841368201	0.8774155484895735	0.8526955046108022	0.8435006305853132	0.8422610385241321
1.66	0.8920169989461417	0.877590289186977	0.8529127197948887	0.8437437934637998	0.8425082535302535
1.6625	0.8921826342129497	0.87776450260007	0.8531292939476222	0.8439862067480317	0.8427546992917371
1.665	0.8923477496319758	0.8779381911656033	0.8533452299074029	0.8442278738731784	0.8430003793693055
1.6675	0.8925123476511052	0.8781113573051988	0.8535605304958768	0.8444687982536309	0.8432452973019132
1.67	0.8926764307028814	0.8782840034254676	0.8537751985180573	0.8447089832831565	0.8434894566069098
1.6724999999999999	0.8928400012046251	0.8784561319181261	0.8539892367624495	0.8449484323350522	0.8437328607802039
1.675	0.8930030615585478	0.8786277451601117	0.8542026480011701	0.845187148762299	0.8439755132964248
1.6775	0.8931656141518752	0.8787988455136977	0.8544154349900679	0.8454251358977108	0.8442174176090821
1.68	0.8933276613569658	0.8789694353266061	0.8546276004688439	0.8456623970540867	0.844458577150725
1.6824999999999999	0.8934892055314201	0.8791395169321192	0.8548391471611694	0.8458989355243572	0.8446989953330992
1.685	0.8936502490181989	0.8793090926491933	0.8550500777748017	0.8461347545817339	0.8449386755473032
1.6875	0.8938107941457344	0.8794781647825656	0.8552603950017025	0.8463698574798533	0.8451776211639423
1.69	0.8939708432280467	0.879646735622867	0.8554701015181517	0.846604247452923	0.8454158355332829
1.6925	0.8941303985648515	0.879814807446727	0.8556791999848613	0.8468379277158645	0.845653321985403
1.695	0.8942894624416722	0.8799823825168832	0.8558876930470897	0.8470709014644554	0.8458900838303435
1.6975	0.894448037129946	0.8801494630822867	0.856095583334752	0.8473031718754709	0.8461261243582567
1.7	0.8946061248871363	0.8803160513782067	0.8563028734625339	0.8475347421068226	0.8463614468395554
1.7025	0.8947637279568397	0.880482149626336	0.856509566029999	0.8477656152976973	0.8465960545250578
1.705	0.8949208485688895	0.8806477600348946	0.8567156636217004	0.8479957945686949	0.8468299506461339
1.7075	0.8950774889394614	0.8808128847987304	0.8569211688072867	0.848225283021964	0.8470631384148489
1.71	0.8952336512711809	0.8809775260994214	0.8571260841416124	0.8484540837413365	0.8472956210241064
1.7125	0.895389337753222	0.881141686105377	0.8573304121648408	0.8486821997924621	0.8475274016477887
1.715	0.8955445505614175	0.8813053669719371	0.857534155402553	0.84890963422294	0.847758483440899
1.7175	0.8956992918583478	0.8814685708414708	0.8577373163658492	0.8491363900624516	0.8479888695396984
1.72	0.8958535637934572	0.8816312998434728	0.8579398975514556	0.849362470322889	0.8482185630618446
1.7225	0.896007368503138	0.8817935560946641	0.8581419014418243	0.8495878779984863	0.8484475671065287
1.725	0.896160708110842	0.8819553416990852	0.8583433305052381	0.8498126160659458	0.8486758847546099
1.7275	0.8963135847271714	0.8821166587481892	0.8585441871959087	0.8500366874845663	0.8489035190687501
1.73	0.8964660004499754	0.8822775093209411	0.8587444739540794	0.8502600951963678	0.849130473093547
1.7325	0.8966179573644528	0.8824378954839095	0.858944193206122	0.8504828421262175	0.8493567498556657
1.735	0.8967694575432391	0.8825978192913575	0.8591433473646386	0.8507049311819529	0.8495823523639697
1.7375	0.8969205030465051	0.8827572827853348	0.8593419388285553	0.8509263652545043	0.8498072836096506
1.74	0.897071095922051	0.882916287995771	0.8595399699832222	0.8511471472180168	0.8500315465663559
1.7425	0.8972212382054001	0.8830748369405648	0.8597374432005083	0.8513672799299709	0.8502551441903172
1.7449999999999999	0.8973709319198832	0.8832329316256711	0.8599343608388962	0.8515867662313014	0.8504780794204765
1.7475	0.8975201790767395	0.8833905740451923	0.8601307252435771	0.8518056089465171	0.8507003551786101
1.75	0.8976689816752014	0.8835477661814665	0.8603265387465441	0.8520238108838174	0.8509219743694546
1.7525	0.8978173417025835	0.883704510005151	0.8605218036666856	0.8522413748352088	0.8511429398808287
1.755	0.8979652611343755	0.883860807475312	0.8607165223098762	0.8524583035766216	0.8513632545837555
1.7575	0.8981127419343242	0.8840166605395091	0.8609106969690694	0.8526745998680226	0.8515829213325834
1.76	0.8982597860545256	0.8841720711338805	0.8611043299243863	0.8528902664535305	0.8518019429651063
1.7625	0.8984063954355075	0.8843270411832214	0.8612974234432074	0.8531053060615275	0.8520203223026821
1.765	0.8985525720063186	0.8844815726010764	0.8614899797802593	0.8533197214047713	0.8522380621503512
1.7675	0.8986983176846095	0.8846356672898212	0.8616820011777053	0.8535335151805058	0.8524551652969526
1.77	0.8988436343767174	0.8847893271407321	0.8618734898652305	0.8537466900705711	0.8526716345152402
1.7725	0.898988523977756	0.8849425540340808	0.8620644480601308	0.853959248741512	0.8528874725619978
1.775	0.8991329883716871	0.8850953498392102	0.8622548779673969	0.8541711938446863	0.8531026821781528
1.7775	0.8992770294314093	0.8852477164146115	0.8624447817798013	0.8543825280163719	0.8533172660888892
1.78	0.8994206490188381	0.8853996556080064	0.8626341616779817	0.8545932538778729	0.85353122700376
1.7825	0.8995638489849845	0.8855511692564232	0.8628230198305258	0.8548033740356248	0.8537445676167974
1.785	0.8997066311700396	0.8857022591862759	0.8630113583940533	0.855012891081299	0.8539572906066238
1.7875	0.8998489974034443	0.8858529272134408	0.8631991795133004	0.8552218075919059	0.8541693986365606
1.79	0.8999909495039783	0.8860031751433316	0.863386485321199	0.8554301261298992	0.8543808943547365
1.7925	0.9001324892798286	0.8861530047709758	0.8635732779389609	0.8556378492432752	0.8545917803941948
1.795	0.9002736185286746	0.8863024178810904	0.863759559476155	0.8558449794656762	0.8548020593730001
1.7975	0.900414339037758	0.886451416248154	0.8639453320307904	0.8560515193164888	0.8550117338943435
1.8	0.9005546525839582	0.8866000016364831	0.8641305976893925	0.8562574713009444	0.8552208065466478
1.8025	0.9006945609338741	0.8867481758003024	0.8643153585270841	0.8564628379102176	0.8554292799036707
1.805	0.9008340658438917	0.88689594048382	0.8644996166076618	0.8566676216215227	0.8556371565246085
1.8074999999999999	0.9009731690602588	0.8870432974212951	0.8646833739836736	0.8568718248982122	0.8558444389541975
1.81	0.9011118723191618	0.887190248337114	0.8648666326964952	0.8570754501898721	0.8560511297228152
1.8125	0.9012501773467938	0.8873367949458578	0.8650493947764069	0.8572784999324164	0.8562572313465816
1.815	0.9013880858594278	0.8874829389523713	0.8652316622426679	0.8574809765481837	0.8564627463274579
1.8175	0.901525599563489	0.887628682051835	0.865413437103592	0.8576828824460287	0.8566676771533454
1.82	0.9016627201556247	0.8877740259298323	0.8655947213566206	0.8578842200214163	0.8568720262981835
1.8225	0.9017994493227726	0.8879189722624171	0.8657755169883973	0.8580849916565139	0.857075796222047
1.825	0.9019357887422308	0.8880635227161824	0.8659558259748406	0.8582851997202822	0.857278989371242
1.8275	0.902071740081728	0.8882076789483272	0.8661356502812158	0.8584848465685665	0.8574816081784019
1.83	0.9022073049994949	0.8883514426067225	0.866314991862207	0.858683934544186	0.8576836550625815
1.8325	0.9023424851443201	0.8884948153299767	0.8664938526619882	0.858882465977024	0.8578851324293518
1.835	0.90247728215563	0.8886377987475017	0.866672234614295	0.8590804431841152	0.8580860426708921
1.8375	0.9026116976635484	0.8887803944795775	0.8668501396424921	0.859277868469735	0.8582863881660833
1.84	0.9027457332889612	0.8889226041374155	0.8670275696596459	0.8594747441254845	0.8584861712805992
1.8425	0.9028793906435901	0.8890644293232254	0.8672045265685907	0.8596710724303789	0.8586853943669972
1.845	0.9030126713300466	0.8892058716302721	0.8673810122619996	0.8598668556509319	0.858884059764809
1.8475	0.9031455769419031	0.8893469326429436	0.8675570286224491	0.8600620960412413	0.8590821698006293
1.85	0.9032781090637532	0.8894876139368109	0.8677325775224903	0.8602567958430726	0.8592797267882055
1.8525	0.9034102692712787	0.8896279170786912	0.8679076608247117	0.8604509572859437	0.859476733028524
1.855	0.9035420591313087	0.8897678436267057	0.868082280381809	0.8606445825872064	0.8596731908098996
1.8575	0.9036734802018793	0.8899073951303437	0.8682564380366478	0.8608376739521304	0.85986910240806
1.86	0.9038045340323043	0.8900465731305206	0.8684301356223305	0.8610302335739828	0.860064470086233
1.8625	0.9039352221632256	0.8901853791596358	0.8686033749622608	0.8612222636341108	0.8602592960952314
1.865	0.9040655461266817	0.8903238147416367	0.8687761578702068	0.8614137663020216	0.8604535826735368
1.8675	0.9041955074461626	0.8904618813920719	0.8689484861503658	0.8616047437354613	0.8606473320473838
1.8699999999999999	0.9043251076366722	0.890599580618152	0.8691203615974269	0.8617951980804945	0.8608405464308433
1.8725	0.9044543482047847	0.8907369139188065	0.8692917859966334	0.8619851314715832	0.8610332280259048
1.875	0.9045832306487075	0.8908738827847419	0.8694627611238454	0.8621745460316633	0.8612253790225578
1.8775	0.9047117564583333	0.8910104886984954	0.869633288745601	0.8623634438722227	0.8614170015988734
1.88	0.9048399271153039	0.8911467331344934	0.8698033706191778	0.8625518270933779	0.8616080979210845
1.8825	0.904967744093062	0.8912826175591091	0.8699730084926532	0.8627396977839485	0.8617986701436653
1.885	0.9050952088569113	0.8914181434307115	0.8701422041049649	0.862927058021535	0.8619887204094112
1.8875	0.9052223228640696	0.8915533121997267	0.8703109591859706	0.8631139098725912	0.8621782508495165
1.89	0.9053490875637275	0.8916881253086875	0.8704792754565067	0.8633002553924993	0.8623672635836529
1.8925	0.9054755043971037	0.8918225841922907	0.8706471546284484	0.8634860966256438	0.8625557607200468
1.895	0.905601574797494	0.8919566902774484	0.8708145984047657	0.8636714356054837	0.8627437443555552
1.8975	0.9057273001903337	0.8920904449833407	0.8709816084795844	0.8638562743546252	0.8629312165757427
1.9	0.9058526819932472	0.89222384972147	0.8711481865382403	0.8640406148848937	0.8631181794549565
1.9025	0.9059777216161002	0.8923569058957118	0.8713143342573394	0.8642244591974048	0.863304635056401
1.905	0.9061024204610555	0.8924896149023666	0.8714800533048105	0.8644078092826353	0.8634905854322125
1.9075	0.9062267799226245	0.8926219781302117	0.8716453453399657	0.8645906671204927	0.8636760326235327
1.91	0.9063508013877198	0.8927539969605508	0.8718102120135522	0.8647730346803857	0.8638609786605815
1.9125	0.9064744862357035	0.892885672767266	0.8719746549678107	0.8649549139212921	0.8640454255627305
1.915	0.9065978358384443	0.893017006916867	0.8721386758365269	0.8651363067918287	0.864229375338573
1.9175	0.9067208515603643	0.893148000768541	0.8723022762450896	0.8653172152303179	0.8644128299859976
1.92	0.9068435347584892	0.893278655674201	0.8724654578105411	0.865497641164856	0.8645957914922574
1.9225	0.9069658867825032	0.8934089729785357	0.8726282221416334	0.8656775865133797	0.8647782618340408
1.925	0.9070879089747905	0.8935389540190568	0.8727905708388795	0.8658570531837331	0.8649602429775416
1.9275	0.9072096026704902	0.8936686001261501	0.8729525054946072	0.8660360430737324	0.865141736878527
1.93	0.9073309691975462	0.8937979126231181	0.8731140276930114	0.8662145580712326	0.8653227454824075
1.9324999999999999	0.9074520098767532	0.8939268928262317	0.8732751390102057	0.8663926000541913	0.8655032707243041
1.935	0.9075727260218002	0.8940555420447742	0.8734358410142731	0.8665701708907338	0.8656833145291163
1.9375	0.9076931189393289	0.8941838615810904	0.8735961352653188	0.8667472724392165	0.8658628788115885
1.94	0.9078131899289703	0.8943118527306311	0.8737560233155197	0.8669239065482902	0.8660419654763776
1.9425	0.9079329402833987	0.8944395167819971	0.8739155067091753	0.8671000750569635	0.8662205764181174
1.945	0.9080523712883753	0.8945668550169897	0.8740745869827576	0.8672757797946647	0.8663987135214855
1.9475	0.9081714842227953	0.8946938687106507	0.8742332656649597	0.8674510225813042	0.866576378661267
1.95	0.9082902803587319	0.8948205591313086	0.8743915442767473	0.867625805227335	0.8667535737024207
1.9525	0.9084087609614822	0.894946927540626	0.8745494243314045	0.8678001295338145	0.8669303005001406
1.955	0.9085269272896153	0.895072975193638	0.8747069073345852	0.8679739972924646	0.8671065608999216
1.9575	0.9086447805950132	0.8951987033387999	0.8748639947843591	0.8681474102857326	0.8672823567376209
1.96	0.908762322122916	0.89532411321803	0.8750206881712602	0.8683203702868494	0.8674576898395214
1.9625	0.9088795531119684	0.895449206066752	0.8751769889783343	0.868492879059889	0.8676325620223932
1.965	0.9089964747942605	0.8955739831139367	0.8753328986811861	0.868664938359828	0.8678069750935553
1.9675	0.9091130883953704	0.8956984455821447	0.875488418748025	0.8688365499326038	0.8679809308509364
1.97	0.9092293951344098	0.8958225946875706	0.875643550639713	0.8690077155151704	0.8681544310831361
1.9725	0.9093453962240672	0.8959464316400809	0.8757982958098076	0.8691784368355577	0.8683274775694837
1.975	0.909461092870646	0.8960699576432584	0.8759526557046123	0.8693487156129281	0.8685000720800996
1.9775	0.90957648627411	0.8961931738944408	0.8761066317632171	0.8695185535576326	0.8686722163759528
1.98	0.9096915776281232	0.8963160815847636	0.8762602254175461	0.8696879523712671	0.8688439122089209
1.9825	0.9098063681200923	0.8964386818991986	0.8764134380924009	0.8698569137467276	0.8690151613218475
1.985	0.9099208589312077	0.8965609760165939	0.8765662712055066	0.8700254393682656	0.8691859654486005
1.9875	0.9100350512364827	0.8966829651097148	0.8767187261675526	0.8701935309115433	0.8693563263141293
1.99	0.9101489462047943	0.8968046503452842	0.8768708043822396	0.8703611900436873	0.8695262456345221
1.9925	0.9102625449989237	0.8969260328840175	0.877022507246321	0.8705284184233428	0.8696957251170616
1.9949999999999999	0.9103758487755983	0.8970471138806656	0.8771738361496461	0.8706952177007276	0.8698647664602821
1.9975	0.9104888586855222	0.8971678944840512	0.8773247924752026	0.8708615895176842	0.8700333713540247
2.	0.9106015758734307	0.8972883758371082	0.8774753775991598	0.871027535507734	0.8702015414794921